Chr	From	To	Copia	Gypsy	unknown	Total_LTR
whole_genome	1	396427114	0.0344	0.2170	0.0425	0.2907
Chr1	1	3000000	0.0264	0.1283	0.0277	0.1811
Chr1	300001	3300000	0.0221	0.1238	0.0297	0.1743
Chr1	600001	3600000	0.0199	0.1233	0.0295	0.1711
Chr1	900001	3900000	0.0138	0.1173	0.0312	0.1607
Chr1	1200001	4200000	0.0140	0.1055	0.0311	0.1489
Chr1	1500001	4500000	0.0100	0.0924	0.0297	0.1303
Chr1	1800001	4800000	0.0099	0.0951	0.0303	0.1335
Chr1	2100001	5100000	0.0108	0.0840	0.0295	0.1225
Chr1	2400001	5400000	0.0114	0.0871	0.0315	0.1281
Chr1	2700001	5700000	0.0110	0.0914	0.0321	0.1326
Chr1	3000001	6000000	0.0155	0.0887	0.0325	0.1347
Chr1	3300001	6300000	0.0172	0.0772	0.0326	0.1249
Chr1	3600001	6600000	0.0173	0.0889	0.0378	0.1413
Chr1	3900001	6900000	0.0179	0.0830	0.0378	0.1361
Chr1	4200001	7200000	0.0213	0.0891	0.0374	0.1450
Chr1	4500001	7500000	0.0238	0.0972	0.0366	0.1549
Chr1	4800001	7800000	0.0233	0.0993	0.0367	0.1567
Chr1	5100001	8100000	0.0225	0.1072	0.0353	0.1624
Chr1	5400001	8400000	0.0219	0.1008	0.0324	0.1526
Chr1	5700001	8700000	0.0204	0.1124	0.0340	0.1640
Chr1	6000001	9000000	0.0158	0.1136	0.0340	0.1606
Chr1	6300001	9300000	0.0205	0.1118	0.0341	0.1638
Chr1	6600001	9600000	0.0217	0.1087	0.0291	0.1576
Chr1	6900001	9900000	0.0244	0.1125	0.0327	0.1677
Chr1	7200001	10200000	0.0232	0.1170	0.0336	0.1721
Chr1	7500001	10500000	0.0230	0.1230	0.0343	0.1784
Chr1	7800001	10800000	0.0233	0.1263	0.0337	0.1812
Chr1	8100001	11100000	0.0275	0.1266	0.0327	0.1848
Chr1	8400001	11400000	0.0286	0.1362	0.0336	0.1964
Chr1	8700001	11700000	0.0320	0.1291	0.0320	0.1914
Chr1	9000001	12000000	0.0347	0.1340	0.0314	0.1982
Chr1	9300001	12300000	0.0337	0.1513	0.0337	0.2165
Chr1	9600001	12600000	0.0361	0.1556	0.0362	0.2252
Chr1	9900001	12900000	0.0360	0.1687	0.0341	0.2350
Chr1	10200001	13200000	0.0424	0.2079	0.0343	0.2806
Chr1	10500001	13500000	0.0435	0.2045	0.0341	0.2782
Chr1	10800001	13800000	0.0482	0.2126	0.0367	0.2935
Chr1	11100001	14100000	0.0551	0.2152	0.0385	0.3048
Chr1	11400001	14400000	0.0555	0.2103	0.0415	0.3031
Chr1	11700001	14700000	0.0528	0.2137	0.0404	0.3030
Chr1	12000001	15000000	0.0588	0.2223	0.0413	0.3185
Chr1	12300001	15300000	0.0542	0.2182	0.0425	0.3113
Chr1	12600001	15600000	0.0567	0.2213	0.0418	0.3164
Chr1	12900001	15900000	0.0543	0.2332	0.0419	0.3269
Chr1	13200001	16200000	0.0503	0.1950	0.0443	0.2876
Chr1	13500001	16500000	0.0527	0.2180	0.0500	0.3175
Chr1	13800001	16800000	0.0544	0.2393	0.0502	0.3403
Chr1	14100001	17100000	0.0456	0.2468	0.0496	0.3384
Chr1	14400001	17400000	0.0487	0.2857	0.0500	0.3803
Chr1	14700001	17700000	0.0591	0.2952	0.0490	0.3991
Chr1	15000001	18000000	0.0589	0.2981	0.0518	0.4041
Chr1	15300001	18300000	0.0616	0.2971	0.0491	0.4028
Chr1	15600001	18600000	0.0619	0.2953	0.0510	0.4038
Chr1	15900001	18900000	0.0660	0.2714	0.0517	0.3841
Chr1	16200001	19200000	0.0678	0.2792	0.0471	0.3890
Chr1	16500001	19500000	0.0710	0.2673	0.0425	0.3764
Chr1	16800001	19800000	0.0664	0.2454	0.0389	0.3474
Chr1	17100001	20100000	0.0651	0.2575	0.0409	0.3597
Chr1	17400001	20400000	0.0623	0.2470	0.0369	0.3430
Chr1	17700001	20700000	0.0539	0.2300	0.0371	0.3178
Chr1	18000001	21000000	0.0491	0.2180	0.0343	0.2988
Chr1	18300001	21300000	0.0492	0.2399	0.0334	0.3201
Chr1	18600001	21600000	0.0438	0.2609	0.0319	0.3335
Chr1	18900001	21900000	0.0411	0.2723	0.0292	0.3401
Chr1	19200001	22200000	0.0355	0.2678	0.0325	0.3326
Chr1	19500001	22500000	0.0302	0.2726	0.0295	0.3296
Chr1	19800001	22800000	0.0312	0.2703	0.0293	0.3278
Chr1	20100001	23100000	0.0312	0.2445	0.0324	0.3044
Chr1	20400001	23400000	0.0295	0.2214	0.0337	0.2811
Chr1	20700001	23700000	0.0271	0.2301	0.0377	0.2914
Chr1	21000001	24000000	0.0245	0.2298	0.0367	0.2872
Chr1	21300001	24300000	0.0284	0.1983	0.0383	0.2609
Chr1	21600001	24600000	0.0299	0.1670	0.0367	0.2304
Chr1	21900001	24900000	0.0342	0.1538	0.0376	0.2224
Chr1	22200001	25200000	0.0332	0.1469	0.0371	0.2147
Chr1	22500001	25500000	0.0322	0.1459	0.0374	0.2130
Chr1	22800001	25800000	0.0314	0.1405	0.0410	0.2095
Chr1	23100001	26100000	0.0312	0.1472	0.0367	0.2128
Chr1	23400001	26400000	0.0351	0.1414	0.0354	0.2094
Chr1	23700001	26700000	0.0351	0.1349	0.0320	0.1997
Chr1	24000001	27000000	0.0346	0.1409	0.0312	0.2043
Chr1	24300001	27300000	0.0277	0.1534	0.0320	0.2110
Chr1	24600001	27600000	0.0245	0.1602	0.0354	0.2174
Chr1	24900001	27900000	0.0185	0.1578	0.0355	0.2091
Chr1	25200001	28200000	0.0194	0.1715	0.0356	0.2237
Chr1	25500001	28500000	0.0175	0.1506	0.0371	0.2020
Chr1	25800001	28800000	0.0190	0.1544	0.0334	0.2047
Chr1	26100001	29100000	0.0197	0.1463	0.0325	0.1964
Chr1	26400001	29400000	0.0182	0.1435	0.0348	0.1943
Chr1	26700001	29700000	0.0179	0.1399	0.0379	0.1933
Chr1	27000001	30000000	0.0203	0.1315	0.0388	0.1882
Chr1	27300001	30300000	0.0240	0.1198	0.0360	0.1776
Chr1	27600001	30600000	0.0239	0.1067	0.0347	0.1635
Chr1	27900001	30900000	0.0250	0.1093	0.0343	0.1667
Chr1	28200001	31200000	0.0252	0.0916	0.0341	0.1491
Chr1	28500001	31500000	0.0290	0.1020	0.0333	0.1628
Chr1	28800001	31800000	0.0260	0.0996	0.0345	0.1584
Chr1	29100001	32100000	0.0245	0.0941	0.0344	0.1513
Chr1	29400001	32400000	0.0245	0.0930	0.0339	0.1495
Chr1	29700001	32700000	0.0268	0.0925	0.0320	0.1493
Chr1	30000001	33000000	0.0245	0.0895	0.0329	0.1449
Chr1	30300001	33300000	0.0207	0.0847	0.0325	0.1361
Chr1	30600001	33600000	0.0213	0.0905	0.0307	0.1408
Chr1	30900001	33900000	0.0220	0.0951	0.0299	0.1455
Chr1	31200001	34200000	0.0216	0.0999	0.0295	0.1493
Chr1	31500001	34500000	0.0227	0.0987	0.0310	0.1505
Chr1	31800001	34800000	0.0249	0.0924	0.0344	0.1499
Chr1	32100001	35100000	0.0249	0.0954	0.0342	0.1527
Chr1	32400001	35400000	0.0255	0.1021	0.0342	0.1605
Chr1	32700001	35700000	0.0261	0.1005	0.0337	0.1588
Chr1	33000001	36000000	0.0305	0.1067	0.0330	0.1685
Chr1	33300001	36300000	0.0294	0.1120	0.0349	0.1746
Chr1	33600001	36600000	0.0320	0.1240	0.0345	0.1888
Chr1	33900001	36900000	0.0298	0.1259	0.0353	0.1892
Chr1	34200001	37200000	0.0305	0.1269	0.0353	0.1910
Chr1	34500001	37500000	0.0255	0.1229	0.0369	0.1833
Chr1	34800001	37800000	0.0226	0.1334	0.0335	0.1874
Chr1	35100001	38100000	0.0226	0.1371	0.0339	0.1913
Chr1	35400001	38400000	0.0210	0.1310	0.0317	0.1814
Chr1	35700001	38700000	0.0180	0.1354	0.0312	0.1824
Chr1	36000001	39000000	0.0150	0.1314	0.0313	0.1758
Chr1	36300001	39300000	0.0148	0.1324	0.0292	0.1744
Chr1	36600001	39600000	0.0115	0.1191	0.0289	0.1575
Chr1	36900001	39900000	0.0120	0.1137	0.0297	0.1535
Chr1	37200001	40200000	0.0110	0.1247	0.0272	0.1607
Chr1	37500001	40500000	0.0123	0.1160	0.0250	0.1514
Chr1	37800001	40800000	0.0122	0.1017	0.0241	0.1363
Chr1	38100001	41100000	0.0121	0.0986	0.0248	0.1337
Chr1	38400001	41400000	0.0117	0.0980	0.0279	0.1352
Chr1	38700001	41700000	0.0122	0.0960	0.0295	0.1354
Chr1	39000001	42000000	0.0151	0.0968	0.0329	0.1419
Chr1	39300001	42300000	0.0183	0.0973	0.0361	0.1489
Chr1	39600001	42600000	0.0206	0.0960	0.0362	0.1497
Chr1	39900001	42900000	0.0240	0.1101	0.0346	0.1656
Chr1	40200001	43200000	0.0257	0.0962	0.0348	0.1540
Chr1	40500001	43500000	0.0243	0.1062	0.0327	0.1606
Chr1	40800001	43672899	0.0262	0.1240	0.0327	0.1804
Chr2	1	3000000	0.0238	0.1138	0.0269	0.1624
Chr2	300001	3300000	0.0241	0.1162	0.0278	0.1661
Chr2	600001	3600000	0.0314	0.1171	0.0282	0.1742
Chr2	900001	3900000	0.0341	0.1203	0.0267	0.1789
Chr2	1200001	4200000	0.0348	0.1256	0.0294	0.1875
Chr2	1500001	4500000	0.0337	0.1279	0.0300	0.1893
Chr2	1800001	4800000	0.0323	0.1329	0.0307	0.1935
Chr2	2100001	5100000	0.0361	0.1297	0.0310	0.1948
Chr2	2400001	5400000	0.0342	0.1197	0.0312	0.1833
Chr2	2700001	5700000	0.0325	0.1020	0.0289	0.1616
Chr2	3000001	6000000	0.0304	0.1020	0.0284	0.1590
Chr2	3300001	6300000	0.0308	0.1030	0.0302	0.1623
Chr2	3600001	6600000	0.0268	0.1115	0.0302	0.1668
Chr2	3900001	6900000	0.0250	0.0984	0.0320	0.1536
Chr2	4200001	7200000	0.0244	0.1005	0.0306	0.1535
Chr2	4500001	7500000	0.0234	0.1198	0.0309	0.1721
Chr2	4800001	7800000	0.0319	0.1186	0.0302	0.1790
Chr2	5100001	8100000	0.0324	0.1360	0.0336	0.2001
Chr2	5400001	8400000	0.0298	0.1872	0.0339	0.2487
Chr2	5700001	8700000	0.0315	0.1739	0.0386	0.2416
Chr2	6000001	9000000	0.0379	0.1764	0.0395	0.2515
Chr2	6300001	9300000	0.0363	0.1733	0.0379	0.2451
Chr2	6600001	9600000	0.0364	0.1783	0.0371	0.2494
Chr2	6900001	9900000	0.0361	0.2013	0.0350	0.2702
Chr2	7200001	10200000	0.0377	0.2086	0.0342	0.2784
Chr2	7500001	10500000	0.0414	0.1987	0.0389	0.2765
Chr2	7800001	10800000	0.0377	0.2157	0.0456	0.2965
Chr2	8100001	11100000	0.0348	0.2283	0.0407	0.3013
Chr2	8400001	11400000	0.0352	0.1887	0.0462	0.2674
Chr2	8700001	11700000	0.0356	0.2074	0.0436	0.2836
Chr2	9000001	12000000	0.0322	0.2212	0.0451	0.2957
Chr2	9300001	12300000	0.0341	0.2272	0.0497	0.3084
Chr2	9600001	12600000	0.0376	0.2384	0.0491	0.3225
Chr2	9900001	12900000	0.0377	0.2304	0.0519	0.3172
Chr2	10200001	13200000	0.0410	0.2344	0.0570	0.3292
Chr2	10500001	13500000	0.0411	0.2500	0.0544	0.3421
Chr2	10800001	13800000	0.0409	0.2564	0.0494	0.3426
Chr2	11100001	14100000	0.0393	0.2648	0.0514	0.3517
Chr2	11400001	14400000	0.0376	0.3006	0.0501	0.3843
Chr2	11700001	14700000	0.0378	0.3145	0.0525	0.4000
Chr2	12000001	15000000	0.0378	0.3472	0.0557	0.4352
Chr2	12300001	15300000	0.0392	0.3905	0.0523	0.4765
Chr2	12600001	15600000	0.0378	0.4070	0.0611	0.4980
Chr2	12900001	15900000	0.0379	0.4285	0.0657	0.5235
Chr2	13200001	16200000	0.0371	0.4502	0.0674	0.5458
Chr2	13500001	16500000	0.0338	0.4723	0.0710	0.5687
Chr2	13800001	16800000	0.0338	0.4558	0.0711	0.5529
Chr2	14100001	17100000	0.0400	0.4215	0.0702	0.5239
Chr2	14400001	17400000	0.0421	0.3866	0.0682	0.4899
Chr2	14700001	17700000	0.0412	0.3667	0.0640	0.4657
Chr2	15000001	18000000	0.0422	0.3484	0.0635	0.4482
Chr2	15300001	18300000	0.0419	0.3246	0.0628	0.4233
Chr2	15600001	18600000	0.0393	0.2848	0.0552	0.3753
Chr2	15900001	18900000	0.0373	0.2695	0.0523	0.3557
Chr2	16200001	19200000	0.0383	0.2454	0.0471	0.3279
Chr2	16500001	19500000	0.0388	0.2334	0.0503	0.3184
Chr2	16800001	19800000	0.0372	0.2340	0.0505	0.3176
Chr2	17100001	20100000	0.0354	0.2297	0.0519	0.3127
Chr2	17400001	20400000	0.0347	0.2274	0.0497	0.3075
Chr2	17700001	20700000	0.0336	0.2164	0.0514	0.2974
Chr2	18000001	21000000	0.0327	0.1988	0.0478	0.2754
Chr2	18300001	21300000	0.0311	0.1736	0.0473	0.2484
Chr2	18600001	21600000	0.0378	0.1840	0.0483	0.2658
Chr2	18900001	21900000	0.0405	0.2100	0.0484	0.2953
Chr2	19200001	22200000	0.0407	0.2007	0.0502	0.2881
Chr2	19500001	22500000	0.0406	0.1724	0.0421	0.2531
Chr2	19800001	22800000	0.0392	0.1709	0.0418	0.2498
Chr2	20100001	23100000	0.0372	0.1814	0.0405	0.2570
Chr2	20400001	23400000	0.0398	0.1815	0.0431	0.2622
Chr2	20700001	23700000	0.0405	0.1788	0.0432	0.2607
Chr2	21000001	24000000	0.0420	0.1738	0.0439	0.2573
Chr2	21300001	24300000	0.0403	0.1914	0.0435	0.2726
Chr2	21600001	24600000	0.0316	0.1758	0.0422	0.2479
Chr2	21900001	24900000	0.0279	0.1422	0.0372	0.2055
Chr2	22200001	25200000	0.0244	0.1446	0.0350	0.2017
Chr2	22500001	25500000	0.0242	0.1375	0.0342	0.1935
Chr2	22800001	25800000	0.0313	0.1443	0.0349	0.2073
Chr2	23100001	26100000	0.0287	0.2048	0.0403	0.2699
Chr2	23400001	26400000	0.0263	0.2223	0.0415	0.2859
Chr2	23700001	26700000	0.0252	0.2189	0.0446	0.2843
Chr2	24000001	27000000	0.0221	0.2142	0.0426	0.2749
Chr2	24300001	27300000	0.0230	0.1972	0.0426	0.2591
Chr2	24600001	27600000	0.0230	0.2062	0.0415	0.2670
Chr2	24900001	27900000	0.0232	0.1985	0.0452	0.2627
Chr2	25200001	28200000	0.0241	0.1947	0.0470	0.2612
Chr2	25500001	28500000	0.0255	0.2067	0.0476	0.2751
Chr2	25800001	28800000	0.0178	0.1949	0.0466	0.2552
Chr2	26100001	29100000	0.0219	0.1191	0.0411	0.1791
Chr2	26400001	29400000	0.0207	0.1018	0.0391	0.1584
Chr2	26700001	29700000	0.0259	0.1041	0.0356	0.1624
Chr2	27000001	30000000	0.0273	0.1130	0.0344	0.1716
Chr2	27300001	30300000	0.0262	0.1151	0.0375	0.1757
Chr2	27600001	30600000	0.0270	0.1126	0.0380	0.1738
Chr2	27900001	30900000	0.0268	0.1117	0.0359	0.1712
Chr2	28200001	31200000	0.0243	0.1163	0.0360	0.1735
Chr2	28500001	31500000	0.0232	0.1093	0.0357	0.1652
Chr2	28800001	31800000	0.0268	0.1071	0.0344	0.1654
Chr2	29100001	32100000	0.0229	0.1100	0.0325	0.1624
Chr2	29400001	32400000	0.0223	0.1098	0.0342	0.1635
Chr2	29700001	32700000	0.0191	0.1124	0.0341	0.1630
Chr2	30000001	33000000	0.0178	0.0994	0.0351	0.1497
Chr2	30300001	33300000	0.0165	0.0988	0.0326	0.1450
Chr2	30600001	33600000	0.0209	0.1020	0.0315	0.1521
Chr2	30900001	33900000	0.0237	0.0975	0.0332	0.1522
Chr2	31200001	34200000	0.0261	0.1049	0.0322	0.1617
Chr2	31500001	34500000	0.0264	0.1027	0.0308	0.1584
Chr2	31800001	34800000	0.0244	0.1026	0.0326	0.1579
Chr2	32100001	35100000	0.0250	0.1167	0.0338	0.1739
Chr2	32400001	35400000	0.0247	0.1133	0.0317	0.1686
Chr2	32700001	35700000	0.0263	0.1053	0.0305	0.1611
Chr2	33000001	36000000	0.0273	0.1116	0.0299	0.1678
Chr2	33300001	36300000	0.0272	0.1123	0.0308	0.1689
Chr2	33600001	36600000	0.0216	0.1096	0.0304	0.1602
Chr2	33900001	36900000	0.0184	0.1085	0.0280	0.1535
Chr2	34200001	37200000	0.0159	0.0916	0.0257	0.1319
Chr2	34500001	37500000	0.0141	0.0879	0.0251	0.1258
Chr2	34800001	37641802	0.0139	0.0948	0.0246	0.1322
Chr3	1	3000000	0.0133	0.1253	0.0435	0.1800
Chr3	300001	3300000	0.0135	0.1192	0.0396	0.1699
Chr3	600001	3600000	0.0154	0.1234	0.0338	0.1697
Chr3	900001	3900000	0.0166	0.1234	0.0341	0.1710
Chr3	1200001	4200000	0.0168	0.1251	0.0349	0.1739
Chr3	1500001	4500000	0.0166	0.1094	0.0364	0.1595
Chr3	1800001	4800000	0.0167	0.1031	0.0377	0.1542
Chr3	2100001	5100000	0.0128	0.1088	0.0388	0.1571
Chr3	2400001	5400000	0.0136	0.1038	0.0309	0.1453
Chr3	2700001	5700000	0.0134	0.0998	0.0312	0.1415
Chr3	3000001	6000000	0.0137	0.0929	0.0297	0.1340
Chr3	3300001	6300000	0.0130	0.0849	0.0318	0.1269
Chr3	3600001	6600000	0.0133	0.0782	0.0308	0.1204
Chr3	3900001	6900000	0.0174	0.0735	0.0287	0.1178
Chr3	4200001	7200000	0.0167	0.0773	0.0267	0.1189
Chr3	4500001	7500000	0.0197	0.0892	0.0266	0.1337
Chr3	4800001	7800000	0.0220	0.0896	0.0270	0.1365
Chr3	5100001	8100000	0.0256	0.0842	0.0266	0.1346
Chr3	5400001	8400000	0.0262	0.1065	0.0307	0.1614
Chr3	5700001	8700000	0.0304	0.1132	0.0316	0.1726
Chr3	6000001	9000000	0.0293	0.1169	0.0321	0.1758
Chr3	6300001	9300000	0.0304	0.1287	0.0359	0.1924
Chr3	6600001	9600000	0.0324	0.1521	0.0376	0.2194
Chr3	6900001	9900000	0.0283	0.1505	0.0387	0.2149
Chr3	7200001	10200000	0.0327	0.1412	0.0392	0.2105
Chr3	7500001	10500000	0.0301	0.1301	0.0394	0.1970
Chr3	7800001	10800000	0.0271	0.1240	0.0384	0.1875
Chr3	8100001	11100000	0.0255	0.1202	0.0372	0.1806
Chr3	8400001	11400000	0.0266	0.0914	0.0329	0.1487
Chr3	8700001	11700000	0.0257	0.0906	0.0336	0.1482
Chr3	9000001	12000000	0.0290	0.0953	0.0359	0.1583
Chr3	9300001	12300000	0.0306	0.0870	0.0312	0.1472
Chr3	9600001	12600000	0.0300	0.0593	0.0312	0.1189
Chr3	9900001	12900000	0.0291	0.0726	0.0286	0.1287
Chr3	10200001	13200000	0.0328	0.0740	0.0294	0.1348
Chr3	10500001	13500000	0.0340	0.0743	0.0278	0.1346
Chr3	10800001	13800000	0.0340	0.1162	0.0310	0.1793
Chr3	11100001	14100000	0.0316	0.1967	0.0425	0.2681
Chr3	11400001	14400000	0.0314	0.2292	0.0445	0.3024
Chr3	11700001	14700000	0.0345	0.2260	0.0444	0.3024
Chr3	12000001	15000000	0.0342	0.2233	0.0440	0.2990
Chr3	12300001	15300000	0.0347	0.2328	0.0450	0.3101
Chr3	12600001	15600000	0.0360	0.2512	0.0454	0.3300
Chr3	12900001	15900000	0.0385	0.2425	0.0477	0.3258
Chr3	13200001	16200000	0.0379	0.2581	0.0476	0.3408
Chr3	13500001	16500000	0.0416	0.2637	0.0486	0.3511
Chr3	13800001	16800000	0.0472	0.2346	0.0517	0.3308
Chr3	14100001	17100000	0.0553	0.1612	0.0426	0.2571
Chr3	14400001	17400000	0.0551	0.1509	0.0407	0.2448
Chr3	14700001	17700000	0.0544	0.1682	0.0407	0.2612
Chr3	15000001	18000000	0.0589	0.1697	0.0443	0.2709
Chr3	15300001	18300000	0.0570	0.1725	0.0466	0.2742
Chr3	15600001	18600000	0.0598	0.1623	0.0521	0.2722
Chr3	15900001	18900000	0.0584	0.1686	0.0548	0.2798
Chr3	16200001	19200000	0.0587	0.1659	0.0539	0.2767
Chr3	16500001	19500000	0.0568	0.1846	0.0546	0.2942
Chr3	16800001	19800000	0.0581	0.1957	0.0538	0.3051
Chr3	17100001	20100000	0.0556	0.2508	0.0602	0.3628
Chr3	17400001	20400000	0.0631	0.2820	0.0635	0.4040
Chr3	17700001	20700000	0.0670	0.3220	0.0655	0.4486
Chr3	18000001	21000000	0.0675	0.3629	0.0642	0.4887
Chr3	18300001	21300000	0.0689	0.3804	0.0605	0.5033
Chr3	18600001	21600000	0.0692	0.4213	0.0635	0.5467
Chr3	18900001	21900000	0.0727	0.4711	0.0636	0.5998
Chr3	19200001	22200000	0.0762	0.4708	0.0651	0.6041
Chr3	19500001	22500000	0.0761	0.4808	0.0662	0.6148
Chr3	19800001	22800000	0.0757	0.4780	0.0632	0.6098
Chr3	20100001	23100000	0.0709	0.4373	0.0583	0.5603
Chr3	20400001	23400000	0.0655	0.3998	0.0535	0.5131
Chr3	20700001	23700000	0.0591	0.3752	0.0514	0.4813
Chr3	21000001	24000000	0.0539	0.3613	0.0512	0.4621
Chr3	21300001	24300000	0.0517	0.3477	0.0541	0.4498
Chr3	21600001	24600000	0.0438	0.3144	0.0448	0.4003
Chr3	21900001	24900000	0.0471	0.2789	0.0423	0.3652
Chr3	22200001	25200000	0.0388	0.2866	0.0460	0.3685
Chr3	22500001	25500000	0.0381	0.2955	0.0440	0.3750
Chr3	22800001	25800000	0.0339	0.2974	0.0430	0.3714
Chr3	23100001	26100000	0.0365	0.2863	0.0394	0.3599
Chr3	23400001	26400000	0.0352	0.2766	0.0404	0.3497
Chr3	23700001	26700000	0.0370	0.2484	0.0431	0.3257
Chr3	24000001	27000000	0.0357	0.2194	0.0406	0.2929
Chr3	24300001	27300000	0.0393	0.2043	0.0385	0.2791
Chr3	24600001	27600000	0.0413	0.1947	0.0413	0.2744
Chr3	24900001	27900000	0.0339	0.1884	0.0434	0.2635
Chr3	25200001	28200000	0.0383	0.1758	0.0402	0.2522
Chr3	25500001	28500000	0.0388	0.1415	0.0421	0.2200
Chr3	25800001	28800000	0.0418	0.1220	0.0407	0.2023
Chr3	26100001	29100000	0.0412	0.1232	0.0429	0.2050
Chr3	26400001	29400000	0.0401	0.1233	0.0445	0.2060
Chr3	26700001	29700000	0.0360	0.1170	0.0418	0.1931
Chr3	27000001	30000000	0.0350	0.1179	0.0405	0.1913
Chr3	27300001	30300000	0.0309	0.1299	0.0411	0.2000
Chr3	27600001	30600000	0.0311	0.1239	0.0402	0.1934
Chr3	27900001	30900000	0.0384	0.1039	0.0380	0.1780
Chr3	28200001	31200000	0.0311	0.0960	0.0369	0.1617
Chr3	28500001	31500000	0.0288	0.0869	0.0351	0.1486
Chr3	28800001	31800000	0.0268	0.0898	0.0356	0.1500
Chr3	29100001	32100000	0.0267	0.0850	0.0343	0.1437
Chr3	29400001	32400000	0.0262	0.1085	0.0346	0.1671
Chr3	29700001	32700000	0.0247	0.1246	0.0357	0.1829
Chr3	30000001	33000000	0.0243	0.1252	0.0355	0.1833
Chr3	30300001	33300000	0.0267	0.1146	0.0341	0.1737
Chr3	30600001	33600000	0.0266	0.1255	0.0333	0.1825
Chr3	30900001	33900000	0.0217	0.1496	0.0366	0.2051
Chr3	31200001	34200000	0.0215	0.1476	0.0366	0.2033
Chr3	31500001	34500000	0.0241	0.1499	0.0356	0.2072
Chr3	31800001	34800000	0.0206	0.1480	0.0356	0.2018
Chr3	32100001	35100000	0.0217	0.1519	0.0358	0.2068
Chr3	32400001	35400000	0.0207	0.1295	0.0353	0.1829
Chr3	32700001	35700000	0.0214	0.1149	0.0345	0.1681
Chr3	33000001	36000000	0.0247	0.1115	0.0344	0.1679
Chr3	33300001	36300000	0.0221	0.1025	0.0336	0.1554
Chr3	33600001	36600000	0.0218	0.0967	0.0318	0.1485
Chr3	33900001	36900000	0.0219	0.0858	0.0263	0.1327
Chr3	34200001	37200000	0.0218	0.0970	0.0280	0.1455
Chr3	34500001	37500000	0.0210	0.0960	0.0301	0.1459
Chr3	34800001	37800000	0.0244	0.0926	0.0291	0.1450
Chr3	35100001	38100000	0.0210	0.0830	0.0285	0.1317
Chr3	35400001	38400000	0.0217	0.0787	0.0261	0.1256
Chr3	35700001	38700000	0.0236	0.0781	0.0250	0.1259
Chr3	36000001	39000000	0.0203	0.0788	0.0295	0.1277
Chr3	36300001	39118592	0.0212	0.0919	0.0296	0.1419
Chr4	1	3000000	0.0341	0.3275	0.0613	0.4202
Chr4	300001	3300000	0.0335	0.3640	0.0571	0.4507
Chr4	600001	3600000	0.0312	0.3828	0.0607	0.4707
Chr4	900001	3900000	0.0299	0.4056	0.0538	0.4860
Chr4	1200001	4200000	0.0314	0.4159	0.0532	0.4972
Chr4	1500001	4500000	0.0340	0.4101	0.0588	0.4995
Chr4	1800001	4800000	0.0349	0.4040	0.0625	0.4985
Chr4	2100001	5100000	0.0334	0.4123	0.0615	0.5046
Chr4	2400001	5400000	0.0327	0.4075	0.0633	0.5002
Chr4	2700001	5700000	0.0309	0.3956	0.0648	0.4881
Chr4	3000001	6000000	0.0389	0.3528	0.0623	0.4507
Chr4	3300001	6300000	0.0385	0.3341	0.0615	0.4315
Chr4	3600001	6600000	0.0364	0.3377	0.0634	0.4350
Chr4	3900001	6900000	0.0438	0.3218	0.0641	0.4273
Chr4	4200001	7200000	0.0415	0.3198	0.0635	0.4218
Chr4	4500001	7500000	0.0458	0.3334	0.0586	0.4346
Chr4	4800001	7800000	0.0416	0.3549	0.0534	0.4468
Chr4	5100001	8100000	0.0410	0.3914	0.0560	0.4841
Chr4	5400001	8400000	0.0422	0.4095	0.0608	0.5075
Chr4	5700001	8700000	0.0468	0.4403	0.0599	0.5416
Chr4	6000001	9000000	0.0459	0.4632	0.0573	0.5610
Chr4	6300001	9300000	0.0425	0.4884	0.0619	0.5860
Chr4	6600001	9600000	0.0435	0.5272	0.0591	0.6230
Chr4	6900001	9900000	0.0406	0.5453	0.0573	0.6360
Chr4	7200001	10200000	0.0387	0.5702	0.0573	0.6597
Chr4	7500001	10500000	0.0347	0.5888	0.0664	0.6827
Chr4	7800001	10800000	0.0347	0.5855	0.0723	0.6850
Chr4	8100001	11100000	0.0337	0.5565	0.0738	0.6576
Chr4	8400001	11400000	0.0312	0.5551	0.0721	0.6532
Chr4	8700001	11700000	0.0299	0.5379	0.0674	0.6299
Chr4	9000001	12000000	0.0297	0.5589	0.0674	0.6501
Chr4	9300001	12300000	0.0342	0.5464	0.0596	0.6359
Chr4	9600001	12600000	0.0334	0.4942	0.0616	0.5852
Chr4	9900001	12900000	0.0342	0.4681	0.0615	0.5600
Chr4	10200001	13200000	0.0415	0.4482	0.0615	0.5474
Chr4	10500001	13500000	0.0388	0.4332	0.0510	0.5196
Chr4	10800001	13800000	0.0470	0.4122	0.0443	0.5003
Chr4	11100001	14100000	0.0565	0.3937	0.0395	0.4863
Chr4	11400001	14400000	0.0643	0.3766	0.0376	0.4752
Chr4	11700001	14700000	0.0653	0.3439	0.0354	0.4416
Chr4	12000001	15000000	0.0677	0.3093	0.0375	0.4121
Chr4	12300001	15300000	0.0684	0.2636	0.0394	0.3691
Chr4	12600001	15600000	0.0685	0.2547	0.0335	0.3544
Chr4	12900001	15900000	0.0646	0.2480	0.0390	0.3491
Chr4	13200001	16200000	0.0574	0.2439	0.0444	0.3412
Chr4	13500001	16500000	0.0600	0.2294	0.0450	0.3304
Chr4	13800001	16800000	0.0556	0.2513	0.0550	0.3564
Chr4	14100001	17100000	0.0504	0.2612	0.0583	0.3641
Chr4	14400001	17400000	0.0462	0.2640	0.0596	0.3638
Chr4	14700001	17700000	0.0448	0.2712	0.0650	0.3748
Chr4	15000001	18000000	0.0367	0.2486	0.0622	0.3413
Chr4	15300001	18300000	0.0335	0.2559	0.0661	0.3497
Chr4	15600001	18600000	0.0344	0.2697	0.0664	0.3648
Chr4	15900001	18900000	0.0334	0.2662	0.0618	0.3561
Chr4	16200001	19200000	0.0343	0.3052	0.0660	0.4022
Chr4	16500001	19500000	0.0289	0.3353	0.0724	0.4330
Chr4	16800001	19800000	0.0299	0.3087	0.0649	0.4015
Chr4	17100001	20100000	0.0346	0.2822	0.0621	0.3773
Chr4	17400001	20400000	0.0329	0.2675	0.0585	0.3575
Chr4	17700001	20700000	0.0373	0.2572	0.0543	0.3476
Chr4	18000001	21000000	0.0371	0.2654	0.0523	0.3535
Chr4	18300001	21300000	0.0377	0.2556	0.0498	0.3414
Chr4	18600001	21600000	0.0360	0.2318	0.0529	0.3188
Chr4	18900001	21900000	0.0339	0.2307	0.0513	0.3141
Chr4	19200001	22200000	0.0357	0.1764	0.0408	0.2509
Chr4	19500001	22500000	0.0376	0.1317	0.0336	0.2010
Chr4	19800001	22800000	0.0359	0.1155	0.0333	0.1826
Chr4	20100001	23100000	0.0311	0.1262	0.0306	0.1854
Chr4	20400001	23400000	0.0297	0.1302	0.0329	0.1901
Chr4	20700001	23700000	0.0239	0.1199	0.0356	0.1767
Chr4	21000001	24000000	0.0258	0.1168	0.0387	0.1785
Chr4	21300001	24300000	0.0235	0.1120	0.0374	0.1707
Chr4	21600001	24600000	0.0242	0.1229	0.0396	0.1840
Chr4	21900001	24900000	0.0245	0.1132	0.0398	0.1748
Chr4	22200001	25200000	0.0201	0.1113	0.0401	0.1687
Chr4	22500001	25500000	0.0183	0.1149	0.0406	0.1710
Chr4	22800001	25800000	0.0166	0.1279	0.0386	0.1804
Chr4	23100001	26100000	0.0152	0.1156	0.0392	0.1678
Chr4	23400001	26400000	0.0156	0.1057	0.0357	0.1549
Chr4	23700001	26700000	0.0168	0.1136	0.0328	0.1614
Chr4	24000001	27000000	0.0149	0.1091	0.0310	0.1525
Chr4	24300001	27300000	0.0195	0.1074	0.0332	0.1571
Chr4	24600001	27600000	0.0186	0.0986	0.0286	0.1431
Chr4	24900001	27900000	0.0208	0.0967	0.0276	0.1427
Chr4	25200001	28200000	0.0226	0.1037	0.0274	0.1513
Chr4	25500001	28500000	0.0225	0.1017	0.0262	0.1479
Chr4	25800001	28800000	0.0216	0.1084	0.0312	0.1581
Chr4	26100001	29100000	0.0206	0.1217	0.0316	0.1707
Chr4	26400001	29400000	0.0217	0.1246	0.0334	0.1762
Chr4	26700001	29700000	0.0241	0.1161	0.0323	0.1688
Chr4	27000001	30000000	0.0242	0.1269	0.0318	0.1798
Chr4	27300001	30300000	0.0216	0.1327	0.0315	0.1832
Chr4	27600001	30600000	0.0224	0.1366	0.0314	0.1878
Chr4	27900001	30900000	0.0219	0.1467	0.0328	0.1985
Chr4	28200001	31200000	0.0262	0.1655	0.0369	0.2246
Chr4	28500001	31500000	0.0280	0.1673	0.0361	0.2275
Chr4	28800001	31800000	0.0316	0.1562	0.0307	0.2154
Chr4	29100001	32100000	0.0306	0.1466	0.0315	0.2055
Chr4	29400001	32400000	0.0301	0.1422	0.0296	0.1991
Chr4	29700001	32700000	0.0310	0.1428	0.0290	0.2002
Chr4	30000001	33000000	0.0311	0.1291	0.0303	0.1879
Chr4	30300001	33300000	0.0310	0.1223	0.0281	0.1789
Chr4	30600001	33600000	0.0330	0.1109	0.0294	0.1709
Chr4	30900001	33900000	0.0327	0.0994	0.0286	0.1583
Chr4	31200001	34200000	0.0267	0.0861	0.0265	0.1378
Chr4	31500001	34500000	0.0282	0.0990	0.0303	0.1562
Chr4	31800001	34800000	0.0264	0.0934	0.0310	0.1495
Chr4	32100001	35100000	0.0260	0.1025	0.0287	0.1561
Chr4	32400001	35400000	0.0255	0.1192	0.0297	0.1733
Chr4	32700001	35700000	0.0218	0.1155	0.0309	0.1670
Chr4	33000001	36000000	0.0256	0.1212	0.0303	0.1763
Chr4	33300001	36300000	0.0273	0.1270	0.0301	0.1833
Chr4	33600001	36600000	0.0253	0.1273	0.0296	0.1810
Chr4	33900001	36900000	0.0244	0.1268	0.0290	0.1793
Chr4	34200001	37200000	0.0248	0.1142	0.0277	0.1656
Chr4	34500001	37424388	0.0213	0.1113	0.0244	0.1561
Chr5	1	3000000	0.0332	0.0913	0.0354	0.1580
Chr5	300001	3300000	0.0279	0.0881	0.0329	0.1469
Chr5	600001	3600000	0.0280	0.0835	0.0346	0.1440
Chr5	900001	3900000	0.0217	0.0889	0.0342	0.1431
Chr5	1200001	4200000	0.0225	0.0902	0.0332	0.1442
Chr5	1500001	4500000	0.0224	0.1632	0.0309	0.2150
Chr5	1800001	4800000	0.0216	0.1818	0.0311	0.2331
Chr5	2100001	5100000	0.0268	0.1838	0.0322	0.2415
Chr5	2400001	5400000	0.0301	0.2008	0.0386	0.2681
Chr5	2700001	5700000	0.0282	0.2067	0.0396	0.2730
Chr5	3000001	6000000	0.0283	0.2148	0.0420	0.2833
Chr5	3300001	6300000	0.0354	0.2256	0.0422	0.3017
Chr5	3600001	6600000	0.0392	0.2296	0.0437	0.3106
Chr5	3900001	6900000	0.0418	0.2265	0.0427	0.3090
Chr5	4200001	7200000	0.0467	0.2316	0.0426	0.3189
Chr5	4500001	7500000	0.0496	0.1637	0.0472	0.2586
Chr5	4800001	7800000	0.0596	0.1599	0.0467	0.2642
Chr5	5100001	8100000	0.0532	0.1705	0.0471	0.2688
Chr5	5400001	8400000	0.0597	0.1719	0.0413	0.2712
Chr5	5700001	8700000	0.0636	0.1928	0.0434	0.2983
Chr5	6000001	9000000	0.0619	0.2117	0.0439	0.3161
Chr5	6300001	9300000	0.0579	0.2224	0.0471	0.3257
Chr5	6600001	9600000	0.0592	0.2447	0.0475	0.3480
Chr5	6900001	9900000	0.0538	0.3049	0.0540	0.4083
Chr5	7200001	10200000	0.0531	0.3500	0.0652	0.4638
Chr5	7500001	10500000	0.0501	0.4011	0.0721	0.5167
Chr5	7800001	10800000	0.0446	0.4163	0.0823	0.5367
Chr5	8100001	11100000	0.0450	0.4257	0.0839	0.5482
Chr5	8400001	11400000	0.0486	0.4454	0.0853	0.5727
Chr5	8700001	11700000	0.0453	0.4537	0.0915	0.5835
Chr5	9000001	12000000	0.0483	0.4895	0.0931	0.6232
Chr5	9300001	12300000	0.0458	0.5294	0.0988	0.6659
Chr5	9600001	12600000	0.0400	0.5464	0.1033	0.6834
Chr5	9900001	12900000	0.0425	0.5321	0.1027	0.6712
Chr5	10200001	13200000	0.0388	0.4977	0.0968	0.6275
Chr5	10500001	13500000	0.0402	0.4586	0.0880	0.5831
Chr5	10800001	13800000	0.0366	0.4410	0.0761	0.5500
Chr5	11100001	14100000	0.0482	0.4407	0.0745	0.5597
Chr5	11400001	14400000	0.0379	0.4421	0.0746	0.5509
Chr5	11700001	14700000	0.0416	0.4237	0.0657	0.5278
Chr5	12000001	15000000	0.0413	0.3771	0.0665	0.4823
Chr5	12300001	15300000	0.0448	0.3239	0.0594	0.4261
Chr5	12600001	15600000	0.0450	0.3330	0.0551	0.4306
Chr5	12900001	15900000	0.0413	0.3383	0.0636	0.4403
Chr5	13200001	16200000	0.0439	0.3359	0.0583	0.4353
Chr5	13500001	16500000	0.0467	0.3314	0.0548	0.4301
Chr5	13800001	16800000	0.0479	0.3240	0.0551	0.4238
Chr5	14100001	17100000	0.0356	0.3053	0.0585	0.3955
Chr5	14400001	17400000	0.0331	0.2849	0.0564	0.3705
Chr5	14700001	17700000	0.0308	0.2931	0.0555	0.3755
Chr5	15000001	18000000	0.0288	0.3071	0.0510	0.3828
Chr5	15300001	18300000	0.0243	0.3262	0.0475	0.3943
Chr5	15600001	18600000	0.0279	0.2806	0.0462	0.3514
Chr5	15900001	18900000	0.0295	0.2320	0.0322	0.2917
Chr5	16200001	19200000	0.0265	0.2177	0.0334	0.2756
Chr5	16500001	19500000	0.0234	0.2076	0.0351	0.2639
Chr5	16800001	19800000	0.0257	0.2048	0.0329	0.2612
Chr5	17100001	20100000	0.0253	0.2055	0.0311	0.2599
Chr5	17400001	20400000	0.0266	0.1947	0.0368	0.2561
Chr5	17700001	20700000	0.0272	0.1644	0.0366	0.2262
Chr5	18000001	21000000	0.0276	0.1417	0.0378	0.2053
Chr5	18300001	21300000	0.0311	0.1173	0.0413	0.1876
Chr5	18600001	21600000	0.0339	0.1143	0.0424	0.1886
Chr5	18900001	21900000	0.0311	0.1201	0.0434	0.1926
Chr5	19200001	22200000	0.0320	0.1296	0.0434	0.2021
Chr5	19500001	22500000	0.0362	0.1319	0.0421	0.2073
Chr5	19800001	22800000	0.0353	0.1341	0.0423	0.2092
Chr5	20100001	23100000	0.0393	0.1359	0.0398	0.2130
Chr5	20400001	23400000	0.0380	0.1321	0.0342	0.2023
Chr5	20700001	23700000	0.0356	0.1431	0.0342	0.2109
Chr5	21000001	24000000	0.0374	0.1421	0.0346	0.2119
Chr5	21300001	24300000	0.0356	0.1406	0.0322	0.2064
Chr5	21600001	24600000	0.0304	0.1468	0.0303	0.2055
Chr5	21900001	24900000	0.0312	0.1390	0.0289	0.1968
Chr5	22200001	25200000	0.0289	0.1333	0.0295	0.1903
Chr5	22500001	25500000	0.0254	0.1314	0.0309	0.1864
Chr5	22800001	25800000	0.0256	0.1354	0.0332	0.1923
Chr5	23100001	26100000	0.0225	0.1316	0.0353	0.1872
Chr5	23400001	26400000	0.0217	0.1349	0.0369	0.1912
Chr5	23700001	26700000	0.0208	0.1377	0.0355	0.1916
Chr5	24000001	27000000	0.0217	0.1424	0.0355	0.1966
Chr5	24300001	27300000	0.0211	0.1442	0.0360	0.1983
Chr5	24600001	27600000	0.0216	0.1337	0.0359	0.1879
Chr5	24900001	27900000	0.0214	0.1357	0.0372	0.1907
Chr5	25200001	28200000	0.0244	0.1211	0.0343	0.1761
Chr5	25500001	28500000	0.0231	0.1197	0.0327	0.1718
Chr5	25800001	28800000	0.0224	0.1150	0.0308	0.1650
Chr5	26100001	29100000	0.0236	0.1116	0.0269	0.1592
Chr5	26400001	29400000	0.0250	0.1054	0.0257	0.1532
Chr5	26700001	29700000	0.0252	0.0966	0.0262	0.1451
Chr5	27000001	30000000	0.0239	0.0937	0.0242	0.1392
Chr5	27300001	30300000	0.0239	0.0977	0.0238	0.1430
Chr5	27600001	30600000	0.0220	0.1178	0.0380	0.1736
Chr5	27900001	30611827	0.0231	0.1170	0.0382	0.1744
Chr6	1	3000000	0.0152	0.1309	0.0365	0.1789
Chr6	300001	3300000	0.0170	0.1265	0.0364	0.1763
Chr6	600001	3600000	0.0224	0.1198	0.0343	0.1731
Chr6	900001	3900000	0.0269	0.1244	0.0331	0.1813
Chr6	1200001	4200000	0.0245	0.1129	0.0311	0.1657
Chr6	1500001	4500000	0.0248	0.0914	0.0347	0.1481
Chr6	1800001	4800000	0.0257	0.0945	0.0348	0.1518
Chr6	2100001	5100000	0.0274	0.1014	0.0406	0.1661
Chr6	2400001	5400000	0.0289	0.0995	0.0414	0.1665
Chr6	2700001	5700000	0.0272	0.1048	0.0379	0.1671
Chr6	3000001	6000000	0.0298	0.1092	0.0383	0.1747
Chr6	3300001	6300000	0.0282	0.1067	0.0402	0.1726
Chr6	3600001	6600000	0.0238	0.0991	0.0407	0.1613
Chr6	3900001	6900000	0.0205	0.0976	0.0444	0.1599
Chr6	4200001	7200000	0.0196	0.0950	0.0445	0.1566
Chr6	4500001	7500000	0.0236	0.0941	0.0409	0.1561
Chr6	4800001	7800000	0.0229	0.0928	0.0429	0.1563
Chr6	5100001	8100000	0.0223	0.0955	0.0392	0.1546
Chr6	5400001	8400000	0.0227	0.1075	0.0411	0.1685
Chr6	5700001	8700000	0.0247	0.1224	0.0444	0.1888
Chr6	6000001	9000000	0.0263	0.1267	0.0464	0.1958
Chr6	6300001	9300000	0.0260	0.1363	0.0481	0.2065
Chr6	6600001	9600000	0.0279	0.1455	0.0485	0.2182
Chr6	6900001	9900000	0.0344	0.1581	0.0464	0.2349
Chr6	7200001	10200000	0.0360	0.1955	0.0508	0.2783
Chr6	7500001	10500000	0.0324	0.2041	0.0518	0.2842
Chr6	7800001	10800000	0.0353	0.2141	0.0498	0.2954
Chr6	8100001	11100000	0.0432	0.2177	0.0491	0.3061
Chr6	8400001	11400000	0.0430	0.2180	0.0460	0.3037
Chr6	8700001	11700000	0.0458	0.2150	0.0454	0.3029
Chr6	9000001	12000000	0.0528	0.2111	0.0480	0.3088
Chr6	9300001	12300000	0.0591	0.2220	0.0450	0.3229
Chr6	9600001	12600000	0.0580	0.2390	0.0453	0.3388
Chr6	9900001	12900000	0.0533	0.2466	0.0444	0.3410
Chr6	10200001	13200000	0.0510	0.2336	0.0406	0.3219
Chr6	10500001	13500000	0.0531	0.2434	0.0393	0.3323
Chr6	10800001	13800000	0.0583	0.2425	0.0407	0.3382
Chr6	11100001	14100000	0.0508	0.2811	0.0456	0.3741
Chr6	11400001	14400000	0.0597	0.3005	0.0513	0.4069
Chr6	11700001	14700000	0.0565	0.3122	0.0560	0.4201
Chr6	12000001	15000000	0.0452	0.3490	0.0542	0.4440
Chr6	12300001	15300000	0.0475	0.3586	0.0590	0.4604
Chr6	12600001	15600000	0.0537	0.3856	0.0659	0.4994
Chr6	12900001	15900000	0.0501	0.3987	0.0694	0.5127
Chr6	13200001	16200000	0.0683	0.4120	0.0697	0.5448
Chr6	13500001	16500000	0.0656	0.4516	0.0820	0.5941
Chr6	13800001	16800000	0.0637	0.4836	0.0776	0.6196
Chr6	14100001	17100000	0.0642	0.4847	0.0779	0.6216
Chr6	14400001	17400000	0.0561	0.5078	0.0735	0.6334
Chr6	14700001	17700000	0.0591	0.5075	0.0661	0.6287
Chr6	15000001	18000000	0.0599	0.4814	0.0682	0.6060
Chr6	15300001	18300000	0.0521	0.4686	0.0637	0.5815
Chr6	15600001	18600000	0.0506	0.4341	0.0591	0.5424
Chr6	15900001	18900000	0.0603	0.4036	0.0565	0.5188
Chr6	16200001	19200000	0.0443	0.3973	0.0542	0.4942
Chr6	16500001	19500000	0.0417	0.3886	0.0416	0.4706
Chr6	16800001	19800000	0.0407	0.3876	0.0506	0.4768
Chr6	17100001	20100000	0.0388	0.3721	0.0463	0.4551
Chr6	17400001	20400000	0.0362	0.3351	0.0457	0.4143
Chr6	17700001	20700000	0.0317	0.3169	0.0451	0.3911
Chr6	18000001	21000000	0.0307	0.3205	0.0426	0.3911
Chr6	18300001	21300000	0.0325	0.3193	0.0423	0.3913
Chr6	18600001	21600000	0.0314	0.3196	0.0402	0.3877
Chr6	18900001	21900000	0.0241	0.3240	0.0399	0.3845
Chr6	19200001	22200000	0.0245	0.3092	0.0401	0.3701
Chr6	19500001	22500000	0.0285	0.2652	0.0437	0.3333
Chr6	19800001	22800000	0.0264	0.2420	0.0366	0.3019
Chr6	20100001	23100000	0.0310	0.2152	0.0359	0.2789
Chr6	20400001	23400000	0.0324	0.2331	0.0360	0.2989
Chr6	20700001	23700000	0.0327	0.2439	0.0360	0.3099
Chr6	21000001	24000000	0.0324	0.2324	0.0338	0.2959
Chr6	21300001	24300000	0.0345	0.2278	0.0350	0.2944
Chr6	21600001	24600000	0.0355	0.2169	0.0346	0.2846
Chr6	21900001	24900000	0.0335	0.2154	0.0335	0.2802
Chr6	22200001	25200000	0.0328	0.1951	0.0337	0.2593
Chr6	22500001	25500000	0.0303	0.2018	0.0309	0.2611
Chr6	22800001	25800000	0.0359	0.1849	0.0329	0.2519
Chr6	23100001	26100000	0.0351	0.1840	0.0362	0.2534
Chr6	23400001	26400000	0.0413	0.1617	0.0371	0.2383
Chr6	23700001	26700000	0.0404	0.1559	0.0395	0.2341
Chr6	24000001	27000000	0.0429	0.1636	0.0396	0.2443
Chr6	24300001	27300000	0.0397	0.1481	0.0393	0.2257
Chr6	24600001	27600000	0.0350	0.1417	0.0405	0.2158
Chr6	24900001	27900000	0.0361	0.1368	0.0425	0.2140
Chr6	25200001	28200000	0.0340	0.1495	0.0424	0.2244
Chr6	25500001	28500000	0.0351	0.1413	0.0424	0.2173
Chr6	25800001	28800000	0.0269	0.1443	0.0408	0.2103
Chr6	26100001	29100000	0.0237	0.1423	0.0368	0.2011
Chr6	26400001	29400000	0.0165	0.1347	0.0365	0.1856
Chr6	26700001	29700000	0.0228	0.1124	0.0398	0.1729
Chr6	27000001	30000000	0.0207	0.1103	0.0384	0.1673
Chr6	27300001	30300000	0.0188	0.1123	0.0371	0.1662
Chr6	27600001	30600000	0.0230	0.1198	0.0363	0.1773
Chr6	27900001	30900000	0.0219	0.1248	0.0352	0.1798
Chr6	28200001	31200000	0.0228	0.1121	0.0345	0.1673
Chr6	28500001	31500000	0.0219	0.1191	0.0316	0.1706
Chr6	28800001	31800000	0.0242	0.1264	0.0317	0.1801
Chr6	29100001	31859513	0.0252	0.1276	0.0317	0.1823
Chr7	1	3000000	0.0318	0.1973	0.0614	0.2864
Chr7	300001	3300000	0.0256	0.2096	0.0647	0.2963
Chr7	600001	3600000	0.0233	0.2044	0.0614	0.2854
Chr7	900001	3900000	0.0256	0.2091	0.0600	0.2906
Chr7	1200001	4200000	0.0254	0.2019	0.0619	0.2851
Chr7	1500001	4500000	0.0234	0.2028	0.0582	0.2813
Chr7	1800001	4800000	0.0269	0.1753	0.0491	0.2489
Chr7	2100001	5100000	0.0265	0.1386	0.0436	0.2063
Chr7	2400001	5400000	0.0271	0.1148	0.0442	0.1842
Chr7	2700001	5700000	0.0243	0.1164	0.0468	0.1854
Chr7	3000001	6000000	0.0182	0.1174	0.0467	0.1803
Chr7	3300001	6300000	0.0194	0.1088	0.0404	0.1669
Chr7	3600001	6600000	0.0260	0.1212	0.0407	0.1861
Chr7	3900001	6900000	0.0280	0.1406	0.0428	0.2102
Chr7	4200001	7200000	0.0347	0.1580	0.0409	0.2323
Chr7	4500001	7500000	0.0424	0.1606	0.0405	0.2422
Chr7	4800001	7800000	0.0397	0.1638	0.0411	0.2432
Chr7	5100001	8100000	0.0445	0.1916	0.0491	0.2835
Chr7	5400001	8400000	0.0450	0.2286	0.0465	0.3181
Chr7	5700001	8700000	0.0471	0.2617	0.0437	0.3507
Chr7	6000001	9000000	0.0513	0.2825	0.0413	0.3736
Chr7	6300001	9300000	0.0506	0.2972	0.0456	0.3915
Chr7	6600001	9600000	0.0539	0.3031	0.0456	0.4002
Chr7	6900001	9900000	0.0591	0.2970	0.0445	0.3973
Chr7	7200001	10200000	0.0542	0.3167	0.0493	0.4168
Chr7	7500001	10500000	0.0504	0.3738	0.0546	0.4744
Chr7	7800001	10800000	0.0576	0.3787	0.0568	0.4884
Chr7	8100001	11100000	0.0597	0.3727	0.0517	0.4782
Chr7	8400001	11400000	0.0598	0.3968	0.0533	0.5035
Chr7	8700001	11700000	0.0571	0.4180	0.0544	0.5230
Chr7	9000001	12000000	0.0585	0.4253	0.0564	0.5334
Chr7	9300001	12300000	0.0637	0.4317	0.0526	0.5416
Chr7	9600001	12600000	0.0591	0.4414	0.0574	0.5510
Chr7	9900001	12900000	0.0584	0.4602	0.0557	0.5679
Chr7	10200001	13200000	0.0590	0.4894	0.0556	0.5974
Chr7	10500001	13500000	0.0543	0.4348	0.0474	0.5310
Chr7	10800001	13800000	0.0458	0.4691	0.0479	0.5568
Chr7	11100001	14100000	0.0419	0.4799	0.0437	0.5612
Chr7	11400001	14400000	0.0500	0.4333	0.0412	0.5210
Chr7	11700001	14700000	0.0561	0.3896	0.0414	0.4838
Chr7	12000001	15000000	0.0544	0.3884	0.0405	0.4803
Chr7	12300001	15300000	0.0496	0.4349	0.0485	0.5294
Chr7	12600001	15600000	0.0499	0.4143	0.0443	0.5056
Chr7	12900001	15900000	0.0472	0.3938	0.0480	0.4856
Chr7	13200001	16200000	0.0474	0.3515	0.0442	0.4396
Chr7	13500001	16500000	0.0535	0.3707	0.0497	0.4691
Chr7	13800001	16800000	0.0589	0.3563	0.0480	0.4578
Chr7	14100001	17100000	0.0571	0.3357	0.0485	0.4357
Chr7	14400001	17400000	0.0563	0.3719	0.0567	0.4785
Chr7	14700001	17700000	0.0529	0.3931	0.0589	0.4968
Chr7	15000001	18000000	0.0522	0.3798	0.0596	0.4830
Chr7	15300001	18300000	0.0591	0.3237	0.0553	0.4304
Chr7	15600001	18600000	0.0587	0.3261	0.0608	0.4373
Chr7	15900001	18900000	0.0626	0.3093	0.0567	0.4213
Chr7	16200001	19200000	0.0630	0.2899	0.0566	0.4024
Chr7	16500001	19500000	0.0588	0.2808	0.0544	0.3882
Chr7	16800001	19800000	0.0541	0.2597	0.0539	0.3633
Chr7	17100001	20100000	0.0538	0.2584	0.0558	0.3634
Chr7	17400001	20400000	0.0490	0.2150	0.0466	0.3067
Chr7	17700001	20700000	0.0491	0.1974	0.0452	0.2894
Chr7	18000001	21000000	0.0480	0.1897	0.0445	0.2793
Chr7	18300001	21300000	0.0418	0.1723	0.0412	0.2522
Chr7	18600001	21600000	0.0376	0.1696	0.0351	0.2393
Chr7	18900001	21900000	0.0275	0.1677	0.0359	0.2278
Chr7	19200001	22200000	0.0290	0.1671	0.0372	0.2301
Chr7	19500001	22500000	0.0318	0.1648	0.0417	0.2332
Chr7	19800001	22800000	0.0314	0.1488	0.0450	0.2199
Chr7	20100001	23100000	0.0315	0.1425	0.0433	0.2121
Chr7	20400001	23400000	0.0272	0.1498	0.0434	0.2149
Chr7	20700001	23700000	0.0280	0.1330	0.0416	0.1971
Chr7	21000001	24000000	0.0269	0.1321	0.0411	0.1955
Chr7	21300001	24300000	0.0308	0.1415	0.0404	0.2083
Chr7	21600001	24600000	0.0306	0.1386	0.0388	0.2040
Chr7	21900001	24900000	0.0322	0.1391	0.0383	0.2055
Chr7	22200001	25200000	0.0317	0.1368	0.0364	0.2009
Chr7	22500001	25500000	0.0304	0.1223	0.0334	0.1840
Chr7	22800001	25800000	0.0293	0.1222	0.0297	0.1790
Chr7	23100001	26100000	0.0310	0.1141	0.0339	0.1769
Chr7	23400001	26400000	0.0344	0.1092	0.0336	0.1757
Chr7	23700001	26700000	0.0316	0.1137	0.0328	0.1761
Chr7	24000001	27000000	0.0299	0.1160	0.0322	0.1760
Chr7	24300001	27300000	0.0239	0.1103	0.0318	0.1639
Chr7	24600001	27600000	0.0258	0.1173	0.0325	0.1733
Chr7	24900001	27900000	0.0245	0.1180	0.0320	0.1723
Chr7	25200001	28200000	0.0219	0.1250	0.0329	0.1777
Chr7	25500001	28500000	0.0246	0.1227	0.0292	0.1743
Chr7	25800001	28800000	0.0238	0.1218	0.0290	0.1726
Chr7	26100001	29100000	0.0230	0.1181	0.0251	0.1639
Chr7	26400001	29400000	0.0212	0.1080	0.0246	0.1515
Chr7	26700001	29700000	0.0231	0.1195	0.0259	0.1668
Chr7	27000001	30000000	0.0259	0.1168	0.0258	0.1667
Chr7	27300001	30300000	0.0262	0.1080	0.0274	0.1599
Chr7	27600001	30600000	0.0265	0.1014	0.0294	0.1556
Chr7	27900001	30837454	0.0275	0.1050	0.0320	0.1627
Chr8	1	3000000	0.0223	0.1354	0.0340	0.1888
Chr8	300001	3300000	0.0227	0.1365	0.0349	0.1912
Chr8	600001	3600000	0.0254	0.1466	0.0361	0.2054
Chr8	900001	3900000	0.0269	0.1463	0.0371	0.2078
Chr8	1200001	4200000	0.0311	0.1384	0.0364	0.2033
Chr8	1500001	4500000	0.0303	0.1234	0.0355	0.1871
Chr8	1800001	4800000	0.0344	0.1259	0.0375	0.1955
Chr8	2100001	5100000	0.0369	0.1322	0.0352	0.2022
Chr8	2400001	5400000	0.0408	0.1279	0.0324	0.1986
Chr8	2700001	5700000	0.0413	0.1408	0.0337	0.2135
Chr8	3000001	6000000	0.0439	0.1652	0.0337	0.2407
Chr8	3300001	6300000	0.0445	0.1734	0.0361	0.2515
Chr8	3600001	6600000	0.0427	0.2240	0.0464	0.3096
Chr8	3900001	6900000	0.0403	0.2610	0.0487	0.3465
Chr8	4200001	7200000	0.0345	0.3202	0.0471	0.3984
Chr8	4500001	7500000	0.0332	0.3691	0.0550	0.4527
Chr8	4800001	7800000	0.0271	0.3655	0.0551	0.4434
Chr8	5100001	8100000	0.0305	0.3727	0.0562	0.4548
Chr8	5400001	8400000	0.0256	0.3662	0.0581	0.4457
Chr8	5700001	8700000	0.0242	0.3628	0.0567	0.4396
Chr8	6000001	9000000	0.0223	0.3425	0.0562	0.4168
Chr8	6300001	9300000	0.0222	0.3485	0.0547	0.4218
Chr8	6600001	9600000	0.0229	0.3243	0.0443	0.3890
Chr8	6900001	9900000	0.0287	0.2946	0.0413	0.3619
Chr8	7200001	10200000	0.0333	0.2531	0.0431	0.3267
Chr8	7500001	10500000	0.0363	0.2315	0.0394	0.3053
Chr8	7800001	10800000	0.0433	0.2502	0.0369	0.3287
Chr8	8100001	11100000	0.0413	0.2567	0.0355	0.3322
Chr8	8400001	11400000	0.0426	0.2842	0.0400	0.3637
Chr8	8700001	11700000	0.0462	0.2909	0.0416	0.3753
Chr8	9000001	12000000	0.0521	0.3092	0.0415	0.3995
Chr8	9300001	12300000	0.0509	0.3613	0.0527	0.4604
Chr8	9600001	12600000	0.0470	0.3504	0.0527	0.4451
Chr8	9900001	12900000	0.0415	0.3950	0.0607	0.4911
Chr8	10200001	13200000	0.0372	0.4073	0.0652	0.5037
Chr8	10500001	13500000	0.0343	0.4331	0.0669	0.5270
Chr8	10800001	13800000	0.0281	0.4571	0.0780	0.5556
Chr8	11100001	14100000	0.0293	0.4657	0.0831	0.5694
Chr8	11400001	14400000	0.0280	0.4634	0.0754	0.5600
Chr8	11700001	14700000	0.0285	0.4667	0.0829	0.5712
Chr8	12000001	15000000	0.0269	0.4554	0.0842	0.5594
Chr8	12300001	15300000	0.0303	0.4057	0.0712	0.5013
Chr8	12600001	15600000	0.0343	0.3877	0.0738	0.4899
Chr8	12900001	15900000	0.0410	0.3452	0.0704	0.4519
Chr8	13200001	16200000	0.0473	0.3306	0.0663	0.4383
Chr8	13500001	16500000	0.0540	0.2887	0.0650	0.4032
Chr8	13800001	16800000	0.0647	0.2705	0.0584	0.3895
Chr8	14100001	17100000	0.0601	0.2608	0.0591	0.3755
Chr8	14400001	17400000	0.0586	0.2683	0.0590	0.3813
Chr8	14700001	17700000	0.0661	0.2716	0.0498	0.3832
Chr8	15000001	18000000	0.0617	0.3034	0.0495	0.4104
Chr8	15300001	18300000	0.0623	0.3053	0.0530	0.4160
Chr8	15600001	18600000	0.0613	0.3092	0.0503	0.4167
Chr8	15900001	18900000	0.0597	0.3174	0.0471	0.4196
Chr8	16200001	19200000	0.0609	0.3166	0.0442	0.4183
Chr8	16500001	19500000	0.0620	0.3113	0.0447	0.4140
Chr8	16800001	19800000	0.0557	0.2820	0.0409	0.3746
Chr8	17100001	20100000	0.0595	0.2706	0.0363	0.3638
Chr8	17400001	20400000	0.0602	0.2385	0.0378	0.3340
Chr8	17700001	20700000	0.0523	0.2160	0.0376	0.3035
Chr8	18000001	21000000	0.0505	0.1747	0.0393	0.2619
Chr8	18300001	21300000	0.0511	0.1624	0.0380	0.2494
Chr8	18600001	21600000	0.0501	0.1596	0.0394	0.2468
Chr8	18900001	21900000	0.0471	0.1374	0.0416	0.2242
Chr8	19200001	22200000	0.0475	0.1339	0.0421	0.2218
Chr8	19500001	22500000	0.0399	0.1455	0.0380	0.2218
Chr8	19800001	22800000	0.0379	0.1471	0.0385	0.2219
Chr8	20100001	23100000	0.0387	0.1443	0.0383	0.2195
Chr8	20400001	23400000	0.0398	0.1547	0.0361	0.2289
Chr8	20700001	23700000	0.0456	0.1568	0.0386	0.2388
Chr8	21000001	24000000	0.0457	0.1720	0.0358	0.2509
Chr8	21300001	24300000	0.0395	0.1670	0.0361	0.2400
Chr8	21600001	24600000	0.0399	0.1688	0.0343	0.2404
Chr8	21900001	24900000	0.0383	0.1655	0.0316	0.2328
Chr8	22200001	25200000	0.0352	0.1530	0.0321	0.2176
Chr8	22500001	25500000	0.0369	0.1334	0.0308	0.1987
Chr8	22800001	25800000	0.0356	0.1278	0.0381	0.1991
Chr8	23100001	26100000	0.0334	0.1313	0.0377	0.2002
Chr8	23400001	26400000	0.0419	0.1206	0.0389	0.1991
Chr8	23700001	26700000	0.0330	0.1115	0.0364	0.1792
Chr8	24000001	27000000	0.0327	0.0908	0.0369	0.1589
Chr8	24300001	27300000	0.0348	0.0870	0.0359	0.1561
Chr8	24600001	27600000	0.0331	0.0796	0.0369	0.1481
Chr8	24900001	27900000	0.0363	0.0844	0.0356	0.1550
Chr8	25200001	28200000	0.0323	0.0835	0.0355	0.1498
Chr8	25500001	28500000	0.0318	0.0806	0.0372	0.1483
Chr8	25800001	28800000	0.0294	0.0822	0.0298	0.1401
Chr8	26100001	29080880	0.0269	0.0941	0.0418	0.1608
Chr9	1	3000000	0.0562	0.3600	0.0655	0.4782
Chr9	300001	3300000	0.0580	0.3263	0.0632	0.4431
Chr9	600001	3600000	0.0633	0.3122	0.0614	0.4328
Chr9	900001	3900000	0.0636	0.3108	0.0597	0.4305
Chr9	1200001	4200000	0.0687	0.3252	0.0572	0.4478
Chr9	1500001	4500000	0.0624	0.3305	0.0563	0.4459
Chr9	1800001	4800000	0.0601	0.3136	0.0544	0.4245
Chr9	2100001	5100000	0.0549	0.3037	0.0556	0.4101
Chr9	2400001	5400000	0.0548	0.3260	0.0524	0.4281
Chr9	2700001	5700000	0.0587	0.3133	0.0488	0.4157
Chr9	3000001	6000000	0.0562	0.2923	0.0471	0.3909
Chr9	3300001	6300000	0.0552	0.3165	0.0397	0.4079
Chr9	3600001	6600000	0.0503	0.3030	0.0350	0.3847
Chr9	3900001	6900000	0.0500	0.3116	0.0397	0.3975
Chr9	4200001	7200000	0.0446	0.3026	0.0399	0.3833
Chr9	4500001	7500000	0.0392	0.3160	0.0403	0.3918
Chr9	4800001	7800000	0.0425	0.3106	0.0439	0.3925
Chr9	5100001	8100000	0.0440	0.3068	0.0462	0.3930
Chr9	5400001	8400000	0.0434	0.2655	0.0419	0.3484
Chr9	5700001	8700000	0.0481	0.2575	0.0401	0.3435
Chr9	6000001	9000000	0.0524	0.2545	0.0383	0.3433
Chr9	6300001	9300000	0.0532	0.2264	0.0394	0.3171
Chr9	6600001	9600000	0.0547	0.2400	0.0414	0.3342
Chr9	6900001	9900000	0.0530	0.2320	0.0387	0.3217
Chr9	7200001	10200000	0.0567	0.2341	0.0405	0.3293
Chr9	7500001	10500000	0.0604	0.2181	0.0393	0.3158
Chr9	7800001	10800000	0.0570	0.2570	0.0355	0.3483
Chr9	8100001	11100000	0.0581	0.2511	0.0352	0.3429
Chr9	8400001	11400000	0.0537	0.2689	0.0370	0.3579
Chr9	8700001	11700000	0.0436	0.2626	0.0396	0.3436
Chr9	9000001	12000000	0.0399	0.2497	0.0395	0.3268
Chr9	9300001	12300000	0.0421	0.2225	0.0402	0.3025
Chr9	9600001	12600000	0.0407	0.2108	0.0412	0.2902
Chr9	9900001	12900000	0.0439	0.2028	0.0430	0.2872
Chr9	10200001	13200000	0.0401	0.2353	0.0455	0.3178
Chr9	10500001	13500000	0.0357	0.2705	0.0599	0.3585
Chr9	10800001	13800000	0.0351	0.2647	0.0776	0.3646
Chr9	11100001	14100000	0.0311	0.2621	0.0739	0.3544
Chr9	11400001	14400000	0.0304	0.2493	0.0723	0.3397
Chr9	11700001	14700000	0.0309	0.2494	0.0700	0.3384
Chr9	12000001	15000000	0.0293	0.2543	0.0696	0.3412
Chr9	12300001	15300000	0.0268	0.2609	0.0720	0.3478
Chr9	12600001	15600000	0.0226	0.2485	0.0693	0.3287
Chr9	12900001	15900000	0.0185	0.2426	0.0671	0.3168
Chr9	13200001	16200000	0.0147	0.1992	0.0656	0.2685
Chr9	13500001	16500000	0.0173	0.1553	0.0534	0.2194
Chr9	13800001	16800000	0.0198	0.1281	0.0357	0.1816
Chr9	14100001	17100000	0.0200	0.1306	0.0406	0.1893
Chr9	14400001	17400000	0.0199	0.1290	0.0389	0.1858
Chr9	14700001	17700000	0.0198	0.1355	0.0382	0.1916
Chr9	15000001	18000000	0.0196	0.1352	0.0380	0.1910
Chr9	15300001	18300000	0.0226	0.1300	0.0332	0.1844
Chr9	15600001	18600000	0.0221	0.1246	0.0329	0.1781
Chr9	15900001	18900000	0.0200	0.1289	0.0349	0.1817
Chr9	16200001	19200000	0.0193	0.1362	0.0348	0.1882
Chr9	16500001	19500000	0.0178	0.1342	0.0343	0.1842
Chr9	16800001	19800000	0.0180	0.1138	0.0346	0.1643
Chr9	17100001	20100000	0.0201	0.1036	0.0305	0.1519
Chr9	17400001	20400000	0.0191	0.0969	0.0310	0.1446
Chr9	17700001	20700000	0.0192	0.0865	0.0324	0.1355
Chr9	18000001	21000000	0.0208	0.0760	0.0352	0.1294
Chr9	18300001	21300000	0.0205	0.0707	0.0363	0.1246
Chr9	18600001	21600000	0.0237	0.0703	0.0367	0.1278
Chr9	18900001	21900000	0.0244	0.0634	0.0351	0.1205
Chr9	19200001	22200000	0.0243	0.0590	0.0343	0.1154
Chr9	19500001	22500000	0.0244	0.0624	0.0326	0.1173
Chr9	19800001	22800000	0.0285	0.0752	0.0342	0.1360
Chr9	20100001	23100000	0.0262	0.0867	0.0331	0.1441
Chr9	20400001	23400000	0.0277	0.0990	0.0327	0.1574
Chr9	20700001	23454625	0.0267	0.1150	0.0313	0.1712
Chr10	1	3000000	0.0529	0.2438	0.0643	0.3577
Chr10	300001	3300000	0.0567	0.2187	0.0640	0.3363
Chr10	600001	3600000	0.0536	0.2306	0.0664	0.3477
Chr10	900001	3900000	0.0497	0.2644	0.0618	0.3736
Chr10	1200001	4200000	0.0465	0.2472	0.0488	0.3406
Chr10	1500001	4500000	0.0466	0.2494	0.0502	0.3444
Chr10	1800001	4800000	0.0474	0.2603	0.0491	0.3551
Chr10	2100001	5100000	0.0486	0.2853	0.0449	0.3769
Chr10	2400001	5400000	0.0405	0.3101	0.0412	0.3904
Chr10	2700001	5700000	0.0491	0.3260	0.0386	0.4121
Chr10	3000001	6000000	0.0499	0.3363	0.0379	0.4223
Chr10	3300001	6300000	0.0475	0.3600	0.0416	0.4474
Chr10	3600001	6600000	0.0536	0.3577	0.0358	0.4453
Chr10	3900001	6900000	0.0593	0.3133	0.0381	0.4089
Chr10	4200001	7200000	0.0591	0.3158	0.0435	0.4166
Chr10	4500001	7500000	0.0571	0.3456	0.0388	0.4398
Chr10	4800001	7800000	0.0551	0.3365	0.0400	0.4293
Chr10	5100001	8100000	0.0600	0.3405	0.0432	0.4409
Chr10	5400001	8400000	0.0628	0.3284	0.0457	0.4340
Chr10	5700001	8700000	0.0546	0.3748	0.0497	0.4755
Chr10	6000001	9000000	0.0501	0.4009	0.0502	0.4964
Chr10	6300001	9300000	0.0510	0.4096	0.0456	0.5009
Chr10	6600001	9600000	0.0415	0.4377	0.0470	0.5204
Chr10	6900001	9900000	0.0352	0.4854	0.0467	0.5617
Chr10	7200001	10200000	0.0365	0.4773	0.0429	0.5500
Chr10	7500001	10500000	0.0357	0.4751	0.0442	0.5483
Chr10	7800001	10800000	0.0351	0.5337	0.0448	0.6064
Chr10	8100001	11100000	0.0277	0.5581	0.0435	0.6222
Chr10	8400001	11400000	0.0293	0.5612	0.0377	0.6205
Chr10	8700001	11700000	0.0360	0.5058	0.0377	0.5725
Chr10	9000001	12000000	0.0326	0.4801	0.0371	0.5445
Chr10	9300001	12300000	0.0362	0.4711	0.0375	0.5393
Chr10	9600001	12600000	0.0396	0.4328	0.0390	0.5061
Chr10	9900001	12900000	0.0409	0.4091	0.0412	0.4858
Chr10	10200001	13200000	0.0420	0.4187	0.0440	0.4997
Chr10	10500001	13500000	0.0404	0.3820	0.0453	0.4626
Chr10	10800001	13800000	0.0388	0.3242	0.0444	0.4033
Chr10	11100001	14100000	0.0428	0.3039	0.0430	0.3852
Chr10	11400001	14400000	0.0373	0.3326	0.0483	0.4144
Chr10	11700001	14700000	0.0328	0.3676	0.0492	0.4449
Chr10	12000001	15000000	0.0333	0.3488	0.0500	0.4274
Chr10	12300001	15300000	0.0305	0.3232	0.0490	0.3987
Chr10	12600001	15600000	0.0361	0.3204	0.0476	0.4003
Chr10	12900001	15900000	0.0343	0.2847	0.0448	0.3599
Chr10	13200001	16200000	0.0315	0.2590	0.0458	0.3318
Chr10	13500001	16500000	0.0299	0.2678	0.0479	0.3411
Chr10	13800001	16800000	0.0303	0.2484	0.0471	0.3213
Chr10	14100001	17100000	0.0304	0.2273	0.0454	0.2993
Chr10	14400001	17400000	0.0307	0.1867	0.0415	0.2544
Chr10	14700001	17700000	0.0312	0.1368	0.0404	0.2049
Chr10	15000001	18000000	0.0353	0.1356	0.0392	0.2061
Chr10	15300001	18300000	0.0319	0.1442	0.0425	0.2141
Chr10	15600001	18600000	0.0239	0.1366	0.0450	0.2011
Chr10	15900001	18900000	0.0246	0.1451	0.0442	0.2095
Chr10	16200001	19200000	0.0254	0.1565	0.0405	0.2184
Chr10	16500001	19500000	0.0280	0.1524	0.0394	0.2155
Chr10	16800001	19800000	0.0304	0.1645	0.0410	0.2311
Chr10	17100001	20100000	0.0302	0.1433	0.0434	0.2122
Chr10	17400001	20400000	0.0313	0.1359	0.0420	0.2052
Chr10	17700001	20700000	0.0304	0.1431	0.0383	0.2080
Chr10	18000001	21000000	0.0278	0.1450	0.0387	0.2081
Chr10	18300001	21300000	0.0275	0.1224	0.0384	0.1854
Chr10	18600001	21600000	0.0284	0.1219	0.0366	0.1838
Chr10	18900001	21900000	0.0279	0.1164	0.0366	0.1779
Chr10	19200001	22200000	0.0300	0.1052	0.0359	0.1687
Chr10	19500001	22500000	0.0290	0.1027	0.0344	0.1640
Chr10	19800001	22800000	0.0298	0.1154	0.0347	0.1772
Chr10	20100001	23100000	0.0281	0.1211	0.0322	0.1789
Chr10	20400001	23400000	0.0265	0.1131	0.0319	0.1690
Chr10	20700001	23700000	0.0228	0.1121	0.0319	0.1642
Chr10	21000001	24000000	0.0201	0.1220	0.0312	0.1705
Chr10	21300001	24300000	0.0219	0.1214	0.0301	0.1706
Chr10	21600001	24600000	0.0215	0.1151	0.0285	0.1623
Chr10	21900001	24900000	0.0235	0.1220	0.0285	0.1712
Chr10	22200001	25200000	0.0217	0.1240	0.0284	0.1715
Chr10	22500001	25325277	0.0212	0.1306	0.0294	0.1775
Chr11	1	3000000	0.0315	0.1106	0.0330	0.1727
Chr11	300001	3300000	0.0306	0.1222	0.0396	0.1902
Chr11	600001	3600000	0.0282	0.1263	0.0379	0.1898
Chr11	900001	3900000	0.0285	0.1400	0.0371	0.2025
Chr11	1200001	4200000	0.0310	0.1395	0.0379	0.2059
Chr11	1500001	4500000	0.0265	0.1494	0.0417	0.2148
Chr11	1800001	4800000	0.0296	0.1552	0.0477	0.2292
Chr11	2100001	5100000	0.0293	0.1584	0.0487	0.2335
Chr11	2400001	5400000	0.0397	0.1734	0.0471	0.2571
Chr11	2700001	5700000	0.0416	0.1723	0.0452	0.2561
Chr11	3000001	6000000	0.0452	0.1762	0.0426	0.2612
Chr11	3300001	6300000	0.0475	0.1720	0.0369	0.2535
Chr11	3600001	6600000	0.0480	0.1856	0.0375	0.2688
Chr11	3900001	6900000	0.0481	0.1824	0.0372	0.2657
Chr11	4200001	7200000	0.0422	0.1668	0.0364	0.2433
Chr11	4500001	7500000	0.0418	0.1709	0.0351	0.2462
Chr11	4800001	7800000	0.0400	0.1625	0.0313	0.2325
Chr11	5100001	8100000	0.0391	0.1825	0.0350	0.2549
Chr11	5400001	8400000	0.0300	0.1868	0.0369	0.2517
Chr11	5700001	8700000	0.0284	0.1987	0.0416	0.2660
Chr11	6000001	9000000	0.0282	0.1963	0.0435	0.2653
Chr11	6300001	9300000	0.0298	0.2074	0.0442	0.2784
Chr11	6600001	9600000	0.0311	0.1952	0.0427	0.2660
Chr11	6900001	9900000	0.0384	0.1920	0.0422	0.2695
Chr11	7200001	10200000	0.0374	0.2232	0.0418	0.2996
Chr11	7500001	10500000	0.0389	0.2255	0.0429	0.3043
Chr11	7800001	10800000	0.0389	0.2461	0.0428	0.3243
Chr11	8100001	11100000	0.0375	0.2593	0.0404	0.3339
Chr11	8400001	11400000	0.0406	0.2921	0.0390	0.3688
Chr11	8700001	11700000	0.0398	0.3211	0.0415	0.3993
Chr11	9000001	12000000	0.0408	0.3554	0.0393	0.4321
Chr11	9300001	12300000	0.0376	0.3702	0.0354	0.4405
Chr11	9600001	12600000	0.0328	0.4010	0.0331	0.4639
Chr11	9900001	12900000	0.0232	0.4362	0.0307	0.4872
Chr11	10200001	13200000	0.0225	0.4654	0.0360	0.5206
Chr11	10500001	13500000	0.0195	0.5038	0.0386	0.5581
Chr11	10800001	13800000	0.0170	0.5416	0.0396	0.5950
Chr11	11100001	14100000	0.0171	0.5709	0.0476	0.6322
Chr11	11400001	14400000	0.0117	0.5892	0.0500	0.6475
Chr11	11700001	14700000	0.0136	0.6100	0.0478	0.6685
Chr11	12000001	15000000	0.0091	0.6296	0.0495	0.6848
Chr11	12300001	15300000	0.0078	0.6368	0.0523	0.6932
Chr11	12600001	15600000	0.0200	0.6246	0.0556	0.6965
Chr11	12900001	15900000	0.0271	0.6019	0.0598	0.6851
Chr11	13200001	16200000	0.0276	0.5765	0.0585	0.6590
Chr11	13500001	16500000	0.0343	0.5604	0.0562	0.6471
Chr11	13800001	16800000	0.0350	0.5513	0.0546	0.6372
Chr11	14100001	17100000	0.0351	0.5203	0.0496	0.6015
Chr11	14400001	17400000	0.0349	0.5183	0.0554	0.6023
Chr11	14700001	17700000	0.0336	0.4804	0.0550	0.5628
Chr11	15000001	18000000	0.0351	0.4555	0.0569	0.5419
Chr11	15300001	18300000	0.0355	0.4325	0.0611	0.5234
Chr11	15600001	18600000	0.0322	0.4331	0.0605	0.5201
Chr11	15900001	18900000	0.0333	0.4385	0.0607	0.5260
Chr11	16200001	19200000	0.0411	0.4240	0.0608	0.5187
Chr11	16500001	19500000	0.0391	0.3849	0.0583	0.4761
Chr11	16800001	19800000	0.0406	0.3530	0.0613	0.4485
Chr11	17100001	20100000	0.0455	0.3409	0.0568	0.4366
Chr11	17400001	20400000	0.0487	0.2877	0.0514	0.3839
Chr11	17700001	20700000	0.0516	0.2904	0.0478	0.3859
Chr11	18000001	21000000	0.0503	0.2664	0.0442	0.3568
Chr11	18300001	21300000	0.0620	0.2466	0.0392	0.3443
Chr11	18600001	21600000	0.0568	0.2274	0.0392	0.3198
Chr11	18900001	21900000	0.0501	0.2371	0.0386	0.3229
Chr11	19200001	22200000	0.0448	0.2137	0.0370	0.2934
Chr11	19500001	22500000	0.0434	0.2143	0.0372	0.2925
Chr11	19800001	22800000	0.0435	0.2114	0.0374	0.2901
Chr11	20100001	23100000	0.0400	0.1993	0.0383	0.2756
Chr11	20400001	23400000	0.0387	0.1849	0.0361	0.2579
Chr11	20700001	23700000	0.0378	0.1690	0.0367	0.2415
Chr11	21000001	24000000	0.0466	0.1708	0.0386	0.2539
Chr11	21300001	24300000	0.0390	0.1869	0.0400	0.2627
Chr11	21600001	24600000	0.0399	0.1839	0.0443	0.2644
Chr11	21900001	24900000	0.0411	0.1529	0.0422	0.2326
Chr11	22200001	25200000	0.0406	0.1662	0.0411	0.2442
Chr11	22500001	25500000	0.0412	0.1679	0.0432	0.2482
Chr11	22800001	25800000	0.0383	0.1606	0.0423	0.2372
Chr11	23100001	26100000	0.0373	0.1513	0.0441	0.2286
Chr11	23400001	26400000	0.0363	0.1604	0.0455	0.2382
Chr11	23700001	26700000	0.0351	0.1679	0.0470	0.2464
Chr11	24000001	27000000	0.0269	0.1655	0.0455	0.2341
Chr11	24300001	27300000	0.0235	0.1488	0.0459	0.2153
Chr11	24600001	27600000	0.0215	0.1815	0.0424	0.2421
Chr11	24900001	27900000	0.0227	0.1978	0.0437	0.2611
Chr11	25200001	28200000	0.0219	0.2148	0.0455	0.2779
Chr11	25500001	28500000	0.0193	0.2242	0.0441	0.2831
Chr11	25800001	28800000	0.0205	0.2264	0.0416	0.2836
Chr11	26100001	29100000	0.0211	0.2363	0.0442	0.2964
Chr11	26400001	29400000	0.0244	0.2494	0.0434	0.3120
Chr11	26700001	29700000	0.0212	0.2941	0.0390	0.3493
Chr11	27000001	30000000	0.0198	0.3352	0.0401	0.3905
Chr11	27300001	30300000	0.0195	0.3471	0.0416	0.4022
Chr11	27600001	30600000	0.0284	0.3208	0.0439	0.3868
Chr11	27900001	30900000	0.0279	0.3112	0.0484	0.3813
Chr11	28200001	31200000	0.0308	0.2956	0.0507	0.3722
Chr11	28500001	31500000	0.0319	0.2987	0.0505	0.3769
Chr11	28800001	31800000	0.0317	0.3100	0.0526	0.3903
Chr11	29100001	32100000	0.0354	0.3298	0.0566	0.4180
Chr11	29400001	32400000	0.0355	0.3144	0.0576	0.4037
Chr11	29700001	32700000	0.0360	0.2634	0.0609	0.3564
Chr11	30000001	33000000	0.0360	0.2411	0.0613	0.3341
Chr11	30300001	33037997	0.0384	0.2387	0.0599	0.3341
Chr12	1	3000000	0.0327	0.1128	0.0291	0.1725
Chr12	300001	3300000	0.0324	0.1122	0.0291	0.1714
Chr12	600001	3600000	0.0303	0.1223	0.0282	0.1787
Chr12	900001	3900000	0.0291	0.1231	0.0297	0.1794
Chr12	1200001	4200000	0.0258	0.1277	0.0304	0.1816
Chr12	1500001	4500000	0.0243	0.1473	0.0353	0.2041
Chr12	1800001	4800000	0.0255	0.1518	0.0370	0.2112
Chr12	2100001	5100000	0.0277	0.1610	0.0386	0.2240
Chr12	2400001	5400000	0.0254	0.1706	0.0406	0.2335
Chr12	2700001	5700000	0.0231	0.1794	0.0465	0.2459
Chr12	3000001	6000000	0.0248	0.1980	0.0474	0.2665
Chr12	3300001	6300000	0.0257	0.2102	0.0487	0.2813
Chr12	3600001	6600000	0.0328	0.2110	0.0534	0.2939
Chr12	3900001	6900000	0.0387	0.2113	0.0541	0.3011
Chr12	4200001	7200000	0.0425	0.2109	0.0545	0.3048
Chr12	4500001	7500000	0.0470	0.2038	0.0581	0.3062
Chr12	4800001	7800000	0.0473	0.2225	0.0568	0.3247
Chr12	5100001	8100000	0.0491	0.2289	0.0625	0.3381
Chr12	5400001	8400000	0.0568	0.2333	0.0614	0.3481
Chr12	5700001	8700000	0.0629	0.2532	0.0530	0.3658
Chr12	6000001	9000000	0.0640	0.2460	0.0530	0.3602
Chr12	6300001	9300000	0.0649	0.2653	0.0506	0.3781
Chr12	6600001	9600000	0.0621	0.2644	0.0474	0.3714
Chr12	6900001	9900000	0.0565	0.3005	0.0456	0.3997
Chr12	7200001	10200000	0.0561	0.3353	0.0435	0.4318
Chr12	7500001	10500000	0.0509	0.3561	0.0405	0.4422
Chr12	7800001	10800000	0.0521	0.3546	0.0477	0.4484
Chr12	8100001	11100000	0.0487	0.3632	0.0435	0.4499
Chr12	8400001	11400000	0.0415	0.3906	0.0506	0.4774
Chr12	8700001	11700000	0.0389	0.4093	0.0587	0.5011
Chr12	9000001	12000000	0.0347	0.4552	0.0597	0.5428
Chr12	9300001	12300000	0.0344	0.4726	0.0618	0.5611
Chr12	9600001	12600000	0.0345	0.4881	0.0617	0.5761
Chr12	9900001	12900000	0.0385	0.4902	0.0681	0.5890
Chr12	10200001	13200000	0.0378	0.4692	0.0707	0.5700
Chr12	10500001	13500000	0.0415	0.4545	0.0694	0.5600
Chr12	10800001	13800000	0.0406	0.4508	0.0635	0.5500
Chr12	11100001	14100000	0.0502	0.4428	0.0623	0.5504
Chr12	11400001	14400000	0.0568	0.4132	0.0541	0.5197
Chr12	11700001	14700000	0.0615	0.3911	0.0508	0.4990
Chr12	12000001	15000000	0.0664	0.3749	0.0512	0.4888
Chr12	12300001	15300000	0.0761	0.3269	0.0487	0.4490
Chr12	12600001	15600000	0.0811	0.3368	0.0487	0.4644
Chr12	12900001	15900000	0.0785	0.3437	0.0461	0.4659
Chr12	13200001	16200000	0.0813	0.3488	0.0443	0.4713
Chr12	13500001	16500000	0.0797	0.3822	0.0395	0.4984
Chr12	13800001	16800000	0.0784	0.3885	0.0369	0.5008
Chr12	14100001	17100000	0.0717	0.3943	0.0347	0.4975
Chr12	14400001	17400000	0.0704	0.4014	0.0337	0.5023
Chr12	14700001	17700000	0.0655	0.3715	0.0328	0.4666
Chr12	15000001	18000000	0.0662	0.3307	0.0320	0.4261
Chr12	15300001	18300000	0.0555	0.3202	0.0336	0.4059
Chr12	15600001	18600000	0.0454	0.2895	0.0351	0.3667
Chr12	15900001	18900000	0.0414	0.2388	0.0330	0.3100
Chr12	16200001	19200000	0.0409	0.2177	0.0345	0.2899
Chr12	16500001	19500000	0.0394	0.1707	0.0373	0.2442
Chr12	16800001	19800000	0.0410	0.1490	0.0387	0.2257
Chr12	17100001	20100000	0.0377	0.1511	0.0375	0.2235
Chr12	17400001	20400000	0.0361	0.1388	0.0422	0.2133
Chr12	17700001	20700000	0.0333	0.1348	0.0445	0.2086
Chr12	18000001	21000000	0.0353	0.1446	0.0422	0.2175
Chr12	18300001	21300000	0.0324	0.1750	0.0401	0.2436
Chr12	18600001	21600000	0.0297	0.1662	0.0380	0.2300
Chr12	18900001	21900000	0.0297	0.1803	0.0377	0.2438
Chr12	19200001	22200000	0.0291	0.1771	0.0376	0.2405
Chr12	19500001	22500000	0.0344	0.1775	0.0374	0.2459
Chr12	19800001	22800000	0.0344	0.1690	0.0374	0.2376
Chr12	20100001	23100000	0.0361	0.1478	0.0449	0.2253
Chr12	20400001	23400000	0.0401	0.1485	0.0432	0.2293
Chr12	20700001	23700000	0.0425	0.1488	0.0454	0.2349
Chr12	21000001	24000000	0.0358	0.1448	0.0443	0.2236
Chr12	21300001	24300000	0.0354	0.1285	0.0460	0.2082
Chr12	21600001	24600000	0.0406	0.1299	0.0468	0.2154
Chr12	21900001	24900000	0.0419	0.1208	0.0465	0.2076
Chr12	22200001	25200000	0.0403	0.1186	0.0456	0.2031
Chr12	22500001	25500000	0.0346	0.1144	0.0458	0.1932
Chr12	22800001	25800000	0.0319	0.1231	0.0482	0.2014
Chr12	23100001	26100000	0.0325	0.1360	0.0435	0.2102
Chr12	23400001	26400000	0.0264	0.1213	0.0415	0.1876
Chr12	23700001	26700000	0.0230	0.1270	0.0338	0.1822
Chr12	24000001	26998995	0.0211	0.1438	0.0333	0.1967
unanchor1	1	292181	0.0000	0.3627	0.0550	0.4113
unanchor2	1	288701	0.0000	0.1739	0.0813	0.2266
unanchor3	1	97221	0.0000	0.6719	0.2331	0.8562
unanchor4	1	49746	0.0000	0.6626	0.2645	0.8667
unanchor5	1	68829	0.0359	0.3736	0.1076	0.5171
unanchor6	1	98266	0.0028	0.1700	0.0084	0.1803
unanchor7	1	33723	0.0000	0.0000	0.0000	0.0000
unanchor8	1	73742	0.0000	0.0000	0.0000	0.0000
unanchor9	1	151913	0.0014	0.0111	0.0000	0.0124
unanchor10	1	90583	0.0000	0.0161	0.0000	0.0161
unanchor11	1	78046	0.0014	0.0000	0.0000	0.0014
unanchor12	1	75598	0.0000	0.0092	0.0000	0.0092
unanchor13	1	74951	0.0000	0.0037	0.0000	0.0037
unanchor14	1	59362	0.0000	0.0297	0.0000	0.0297
unanchor15	1	49551	0.0000	0.0056	0.0000	0.0056
unanchor16	1	42116	0.0000	0.2945	0.0413	0.3359
unanchor17	1	17947	0.0000	0.0000	0.0000	0.0000
unanchor18	1	17112	0.0000	0.0000	0.0000	0.0000
unanchor19	1	96177	0.0000	0.0000	0.0000	0.0000
unanchor20	1	72238	0.0015	0.0058	0.0000	0.0073
unanchor21	1	16690	0.0000	0.0000	0.0000	0.0000
unanchor22	1	14881	0.0000	0.0000	0.0000	0.0000
unanchor23	1	14718	0.0000	0.0000	0.0000	0.0000
unanchor24	1	14703	0.0000	0.0000	0.0000	0.0000
unanchor25	1	14565	0.0000	0.0000	0.0000	0.0000
unanchor26	1	14538	0.0000	0.0000	0.0000	0.0000
unanchor27	1	14468	0.0000	0.0000	0.0000	0.0000
unanchor28	1	14415	0.0000	0.0000	0.0000	0.0000
unanchor29	1	14272	0.0000	0.0000	0.0000	0.0000
unanchor30	1	14268	0.0000	0.0000	0.0000	0.0000
unanchor31	1	14132	0.0000	0.0000	0.0000	0.0000
unanchor32	1	14057	0.0000	0.0000	0.0000	0.0000
unanchor33	1	13532	0.0000	0.0000	0.0000	0.0000
unanchor34	1	13525	0.0000	0.0000	0.0000	0.0000
unanchor35	1	13493	0.0000	0.0000	0.0000	0.0000
unanchor36	1	13021	0.0000	0.0000	0.0000	0.0000
unanchor37	1	12311	0.0000	0.0000	0.0000	0.0000
unanchor38	1	12235	0.0000	0.0000	0.0000	0.0000
unanchor39	1	12197	0.0000	0.0000	0.0000	0.0000
unanchor40	1	12194	0.0000	0.0000	0.0000	0.0000
unanchor41	1	12154	0.0000	0.0000	0.0000	0.0000
unanchor42	1	12118	0.0000	0.0000	0.0000	0.0000
unanchor43	1	12019	0.0000	0.0000	0.0000	0.0000
unanchor44	1	11702	0.0000	0.0000	0.0000	0.0000
unanchor45	1	11553	0.0000	0.0000	0.0000	0.0000
unanchor46	1	11532	0.0000	0.0000	0.0000	0.0000
unanchor47	1	10942	0.0000	0.0000	0.0000	0.0000
unanchor48	1	10884	0.0000	0.0000	0.0000	0.0000
unanchor49	1	10877	0.0000	0.0000	0.0000	0.0000
unanchor50	1	10233	0.0000	0.0000	0.0000	0.0000
unanchor51	1	10147	0.0000	0.0000	0.0000	0.0000
unanchor52	1	9955	0.0000	0.0000	0.0000	0.0000
unanchor53	1	9923	0.0000	0.0000	0.0000	0.0000
unanchor54	1	9919	0.0000	0.0000	0.0000	0.0000
unanchor55	1	9888	0.0000	0.0000	0.0000	0.0000
unanchor56	1	9469	0.0000	0.0000	0.0000	0.0000
unanchor57	1	9280	0.0000	0.0000	0.0000	0.0000
unanchor58	1	9157	0.0000	0.0000	0.0000	0.0000
unanchor59	1	9033	0.0000	0.0000	0.0000	0.0000
unanchor60	1	9021	0.0000	0.9949	0.0000	0.9949
unanchor61	1	8853	0.0000	0.0000	0.0000	0.0000
unanchor62	1	8361	0.0000	0.0000	0.0000	0.0000
unanchor63	1	8217	0.0000	0.0000	0.0000	0.0000
unanchor64	1	8015	0.0000	0.9909	0.0000	0.9909
unanchor65	1	7986	0.0000	0.0000	0.0000	0.0000
unanchor66	1	7908	0.0000	0.0000	0.0000	0.0000
unanchor67	1	7019	0.0423	0.1049	0.0241	0.1348
unanchor68	1	6979	0.0000	0.0000	0.0000	0.0000
unanchor69	1	6926	0.0000	0.0000	0.0000	0.0000
unanchor70	1	6677	0.0000	0.0000	0.0000	0.0000
unanchor71	1	6562	0.0000	0.0000	0.0000	0.0000
unanchor72	1	6547	0.0000	0.0000	0.0000	0.0000
unanchor73	1	6421	0.0000	0.0000	0.0000	0.0000
unanchor74	1	6367	0.0000	0.0000	0.0000	0.0000
unanchor75	1	6233	0.0000	0.0000	0.0000	0.0000
unanchor76	1	6018	0.0000	0.0372	0.0231	0.0603
unanchor77	1	5996	0.0000	0.0000	0.0000	0.0000
unanchor78	1	5953	0.0000	0.0000	0.0000	0.0000
unanchor79	1	5885	0.0000	0.3652	0.0000	0.3652
unanchor80	1	5828	0.0000	0.0000	0.0000	0.0000
unanchor81	1	5362	0.0000	0.0000	0.0000	0.0000
unanchor82	1	5241	0.0000	0.0000	0.0000	0.0000
unanchor83	1	5193	0.0000	0.0000	0.0000	0.0000
unanchor84	1	5182	0.0000	0.0000	0.0000	0.0000
unanchor85	1	5168	0.0000	0.0000	0.0000	0.0000
unanchor86	1	4959	0.0000	0.0000	0.0000	0.0000
unanchor87	1	4914	0.0000	0.0000	0.0000	0.0000
unanchor88	1	4744	0.0000	0.0000	0.0000	0.0000
unanchor89	1	4464	0.0000	0.0000	0.0000	0.0000
unanchor90	1	4392	0.0000	0.0000	0.0000	0.0000
unanchor91	1	4121	0.0000	0.0000	0.0000	0.0000
unanchor92	1	3923	0.0000	0.0275	0.0000	0.0275
unanchor93	1	3855	0.0000	0.0000	0.0000	0.0000
unanchor94	1	3717	0.0000	0.0000	0.0000	0.0000
unanchor95	1	3476	0.0000	0.0000	0.0000	0.0000
unanchor96	1	3308	0.0000	0.0000	0.0000	0.0000
unanchor97	1	3191	0.0000	0.0000	0.0000	0.0000
unanchor98	1	3165	0.0000	0.0000	0.0000	0.0000
unanchor99	1	2903	0.0000	0.0000	0.0000	0.0000
unanchor100	1	2781	0.0000	0.0000	0.0000	0.0000
unanchor101	1	2747	0.0000	0.0000	0.0000	0.0000
unanchor102	1	2744	0.0000	0.0000	0.0000	0.0000
unanchor103	1	2337	0.0000	0.0000	0.0000	0.0000
unanchor104	1	2156	0.0000	0.0000	0.0000	0.0000
unanchor105	1	2127	0.0000	0.0000	0.0000	0.0000
unanchor106	1	2082	0.0000	0.0000	0.0000	0.0000
unanchor107	1	1979	0.0000	0.0000	0.0000	0.0000
unanchor108	1	1949	0.0000	0.0000	0.0000	0.0000
unanchor109	1	1701	0.0000	0.7654	0.0000	0.7654
unanchor110	1	1696	0.0000	0.0000	0.0000	0.0000
unanchor111	1	1570	0.0000	0.0000	0.0000	0.0000
unanchor112	1	1428	0.0000	0.0000	0.0000	0.0000
unanchor113	1	1282	0.0000	0.0000	0.0000	0.0000
unanchor114	1	1151	0.0000	0.0000	0.0000	0.0000
unanchor115	1	1041	0.0000	0.0000	0.0000	0.0000
unanchor116	1	5000	0.0000	0.8456	0.5070	0.9996
unanchor117	1	39725	0.0000	0.3924	0.0000	0.3924
unanchor118	1	32383	0.0000	0.0000	0.0000	0.0000
unanchor119	1	17415	0.0000	0.0000	0.0000	0.0000
unanchor120	1	46103	0.0683	0.2243	0.1220	0.4100
unanchor121	1	154093	0.0000	0.0000	0.0000	0.0000
unanchor122	1	68233	0.0226	0.0061	0.0000	0.0288
unanchor123	1	64178	0.0000	0.0000	0.0000	0.0000
unanchor124	1	109102	0.0000	0.0895	0.0044	0.0939
unanchor125	1	23388	0.0000	0.0000	0.0000	0.0000
unanchor126	1	49673	0.1016	0.4104	0.0000	0.5120
unanchor127	1	18234	0.0000	0.0000	0.0000	0.0000
unanchor128	1	36581	0.0624	0.0551	0.0294	0.1449
unanchor129	1	16720	0.0000	0.0000	0.0000	0.0000
unanchor130	1	65943	0.0112	0.1297	0.0057	0.1466
unanchor131	1	47239	0.0024	0.0000	0.0000	0.0024
unanchor132	1	187994	0.0000	0.0000	0.0000	0.0000
unanchor133	1	103935	0.0000	0.0092	0.0000	0.0092
unanchor134	1	185382	0.0100	0.0039	0.0000	0.0139
unanchor135	1	43595	0.0025	0.0000	0.0000	0.0025
unanchor136	1	228640	0.0009	0.0136	0.0000	0.0146
unanchor137	1	75617	0.0000	0.0000	0.0000	0.0000
unanchor138	1	95146	0.0000	0.1287	0.0000	0.1287
unanchor139	1	175889	0.0000	0.1355	0.1168	0.2509
unanchor140	1	82098	0.0000	0.1646	0.0000	0.1646
unanchor141	1	89220	0.0000	0.0403	0.0000	0.0403
unanchor142	1	56437	0.0178	0.4636	0.1854	0.6667
unanchor143	1	19101	0.0000	0.0000	0.0000	0.0000
unanchor144	1	95943	0.0194	0.7938	0.0440	0.8572
unanchor145	1	35960	0.1785	0.3589	0.1759	0.7119
unanchor146	1	43478	0.0250	0.0326	0.0465	0.1010
unanchor147	1	61963	0.0172	0.1732	0.0834	0.2692
unanchor148	1	41064	0.0352	0.2230	0.1123	0.3226
unanchor149	1	17206	0.0000	0.0000	0.0000	0.0000
unanchor150	1	17196	0.0000	0.0000	0.0000	0.0000
unanchor151	1	23580	0.0000	0.0000	0.0000	0.0000
unanchor152	1	86397	0.0000	0.0000	0.0000	0.0000
unanchor153	1	15423	0.0000	0.0000	0.0000	0.0000
unanchor154	1	18190	0.0000	0.0000	0.0000	0.0000
unanchor155	1	16041	0.0000	0.0000	0.0000	0.0000
unanchor156	1	37525	0.0000	0.7514	0.0071	0.7585
unanchor157	1	60705	0.0000	0.0000	0.0000	0.0000
unanchor158	1	34201	0.0000	0.2820	0.0000	0.2820
unanchor159	1	42603	0.0000	0.9394	0.0000	0.9394
unanchor160	1	46382	0.0024	0.0060	0.0000	0.0084
unanchor161	1	45325	0.0000	0.1053	0.0000	0.1053
unanchor162	1	61234	0.0000	0.0083	0.0000	0.0083
unanchor163	1	79886	0.0000	0.0000	0.0000	0.0000
unanchor164	1	66051	0.0000	0.3935	0.0000	0.3935
unanchor165	1	69230	0.0000	0.0000	0.0000	0.0000
unanchor166	1	87253	0.0000	0.1975	0.0000	0.1975
unanchor167	1	84091	0.0000	0.3009	0.0000	0.3009
unanchor168	1	30883	0.0000	0.1550	0.0000	0.1550
unanchor169	1	82674	0.0000	0.2677	0.0000	0.2677
unanchor170	1	36477	0.0000	0.0000	0.0000	0.0000
unanchor171	1	50282	0.0000	0.0621	0.0000	0.0621
unanchor172	1	273796	0.0000	0.4215	0.0021	0.4231
unanchor173	1	120345	0.0000	0.3574	0.0048	0.3609
unanchor174	1	141604	0.0000	0.3159	0.0000	0.3159
unanchor175	1	54690	0.0000	0.0571	0.0000	0.0571
unanchor176	1	314224	0.0000	0.4841	0.0015	0.4856
unanchor177	1	300675	0.0000	0.3702	0.0039	0.3732
unanchor178	1	66400	0.0000	0.4408	0.0243	0.4545
