Chr1	1	3000000	24.00
Chr1	300001	3300000	19.43
Chr1	600001	3600000	19.73
Chr1	900001	3900000	13.71
Chr1	1200001	4200000	14.69
Chr1	1500001	4500000	12.20
Chr1	1800001	4800000	14.96
Chr1	2100001	5100000	15.38
Chr1	2400001	5400000	16.05
Chr1	2700001	5700000	12.64
Chr1	3000001	6000000	10.66
Chr1	3300001	6300000	11.37
Chr1	3600001	6600000	15.76
Chr1	3900001	6900000	14.86
Chr1	4200001	7200000	15.39
Chr1	4500001	7500000	16.90
Chr1	4800001	7800000	14.15
Chr1	5100001	8100000	21.06
Chr1	5400001	8400000	19.85
Chr1	5700001	8700000	25.50
Chr1	6000001	9000000	25.01
Chr1	6300001	9300000	25.86
Chr1	6600001	9600000	21.78
Chr1	6900001	9900000	24.83
Chr1	7200001	10200000	26.72
Chr1	7500001	10500000	24.66
Chr1	7800001	10800000	24.25
Chr1	8100001	11100000	19.90
Chr1	8400001	11400000	18.84
Chr1	8700001	11700000	18.62
Chr1	9000001	12000000	18.94
Chr1	9300001	12300000	18.88
Chr1	9600001	12600000	18.19
Chr1	9900001	12900000	18.59
Chr1	10200001	13200000	21.95
Chr1	10500001	13500000	21.53
Chr1	10800001	13800000	23.61
Chr1	11100001	14100000	23.69
Chr1	11400001	14400000	23.82
Chr1	11700001	14700000	21.84
Chr1	12000001	15000000	22.19
Chr1	12300001	15300000	22.74
Chr1	12600001	15600000	23.08
Chr1	12900001	15900000	20.08
Chr1	13200001	16200000	15.77
Chr1	13500001	16500000	18.81
Chr1	13800001	16800000	18.96
Chr1	14100001	17100000	18.38
Chr1	14400001	17400000	18.35
Chr1	14700001	17700000	17.66
Chr1	15000001	18000000	19.66
Chr1	15300001	18300000	18.78
Chr1	15600001	18600000	19.79
Chr1	15900001	18900000	19.66
Chr1	16200001	19200000	22.47
Chr1	16500001	19500000	20.37
Chr1	16800001	19800000	20.90
Chr1	17100001	20100000	21.74
Chr1	17400001	20400000	25.03
Chr1	17700001	20700000	25.88
Chr1	18000001	21000000	23.13
Chr1	18300001	21300000	23.31
Chr1	18600001	21600000	23.59
Chr1	18900001	21900000	24.33
Chr1	19200001	22200000	20.09
Chr1	19500001	22500000	22.24
Chr1	19800001	22800000	19.31
Chr1	20100001	23100000	18.81
Chr1	20400001	23400000	14.98
Chr1	20700001	23700000	17.69
Chr1	21000001	24000000	19.85
Chr1	21300001	24300000	20.20
Chr1	21600001	24600000	19.95
Chr1	21900001	24900000	18.85
Chr1	22200001	25200000	19.51
Chr1	22500001	25500000	20.98
Chr1	22800001	25800000	22.08
Chr1	23100001	26100000	24.04
Chr1	23400001	26400000	24.38
Chr1	23700001	26700000	22.65
Chr1	24000001	27000000	22.61
Chr1	24300001	27300000	24.15
Chr1	24600001	27600000	24.76
Chr1	24900001	27900000	25.70
Chr1	25200001	28200000	28.22
Chr1	25500001	28500000	25.05
Chr1	25800001	28800000	25.78
Chr1	26100001	29100000	23.97
Chr1	26400001	29400000	24.24
Chr1	26700001	29700000	25.44
Chr1	27000001	30000000	21.58
Chr1	27300001	30300000	21.53
Chr1	27600001	30600000	19.23
Chr1	27900001	30900000	21.36
Chr1	28200001	31200000	18.07
Chr1	28500001	31500000	20.60
Chr1	28800001	31800000	21.43
Chr1	29100001	32100000	19.59
Chr1	29400001	32400000	20.87
Chr1	29700001	32700000	18.72
Chr1	30000001	33000000	20.24
Chr1	30300001	33300000	17.54
Chr1	30600001	33600000	17.73
Chr1	30900001	33900000	16.62
Chr1	31200001	34200000	18.26
Chr1	31500001	34500000	14.19
Chr1	31800001	34800000	13.73
Chr1	32100001	35100000	16.08
Chr1	32400001	35400000	20.80
Chr1	32700001	35700000	18.63
Chr1	33000001	36000000	16.82
Chr1	33300001	36300000	18.59
Chr1	33600001	36600000	18.92
Chr1	33900001	36900000	19.15
Chr1	34200001	37200000	18.69
Chr1	34500001	37500000	22.25
Chr1	34800001	37800000	25.77
Chr1	35100001	38100000	27.21
Chr1	35400001	38400000	22.89
Chr1	35700001	38700000	25.05
Chr1	36000001	39000000	25.90
Chr1	36300001	39300000	23.80
Chr1	36600001	39600000	23.59
Chr1	36900001	39900000	21.71
Chr1	37200001	40200000	23.03
Chr1	37500001	40500000	20.26
Chr1	37800001	40800000	15.36
Chr1	38100001	41100000	9.97
Chr1	38400001	41400000	9.87
Chr1	38700001	41700000	6.79
Chr1	39000001	42000000	8.03
Chr1	39300001	42300000	9.13
Chr1	39600001	42600000	9.08
Chr1	39900001	42900000	10.53
Chr1	40200001	43200000	8.22
Chr1	40500001	43500000	13.86
Chr1	40800001	43672899	16.14
Chr2	1	3000000	26.36
Chr2	300001	3300000	29.96
Chr2	600001	3600000	30.27
Chr2	900001	3900000	35.76
Chr2	1200001	4200000	36.29
Chr2	1500001	4500000	35.92
Chr2	1800001	4800000	34.19
Chr2	2100001	5100000	31.80
Chr2	2400001	5400000	31.46
Chr2	2700001	5700000	30.34
Chr2	3000001	6000000	28.55
Chr2	3300001	6300000	23.79
Chr2	3600001	6600000	24.04
Chr2	3900001	6900000	17.51
Chr2	4200001	7200000	17.73
Chr2	4500001	7500000	18.28
Chr2	4800001	7800000	18.57
Chr2	5100001	8100000	17.44
Chr2	5400001	8400000	20.50
Chr2	5700001	8700000	19.87
Chr2	6000001	9000000	20.69
Chr2	6300001	9300000	21.18
Chr2	6600001	9600000	20.19
Chr2	6900001	9900000	19.43
Chr2	7200001	10200000	18.90
Chr2	7500001	10500000	20.01
Chr2	7800001	10800000	22.51
Chr2	8100001	11100000	26.38
Chr2	8400001	11400000	24.53
Chr2	8700001	11700000	27.19
Chr2	9000001	12000000	28.07
Chr2	9300001	12300000	28.64
Chr2	9600001	12600000	27.43
Chr2	9900001	12900000	28.46
Chr2	10200001	13200000	28.95
Chr2	10500001	13500000	29.24
Chr2	10800001	13800000	27.08
Chr2	11100001	14100000	25.18
Chr2	11400001	14400000	22.62
Chr2	11700001	14700000	21.22
Chr2	12000001	15000000	22.89
Chr2	12300001	15300000	21.68
Chr2	12600001	15600000	21.57
Chr2	12900001	15900000	21.40
Chr2	13200001	16200000	21.60
Chr2	13500001	16500000	21.58
Chr2	13800001	16800000	21.88
Chr2	14100001	17100000	21.64
Chr2	14400001	17400000	23.68
Chr2	14700001	17700000	26.26
Chr2	15000001	18000000	24.88
Chr2	15300001	18300000	25.25
Chr2	15600001	18600000	25.37
Chr2	15900001	18900000	28.31
Chr2	16200001	19200000	27.41
Chr2	16500001	19500000	24.22
Chr2	16800001	19800000	25.04
Chr2	17100001	20100000	25.67
Chr2	17400001	20400000	25.55
Chr2	17700001	20700000	21.08
Chr2	18000001	21000000	21.89
Chr2	18300001	21300000	23.26
Chr2	18600001	21600000	23.63
Chr2	18900001	21900000	26.38
Chr2	19200001	22200000	27.14
Chr2	19500001	22500000	30.89
Chr2	19800001	22800000	28.90
Chr2	20100001	23100000	26.86
Chr2	20400001	23400000	25.69
Chr2	20700001	23700000	27.01
Chr2	21000001	24000000	22.95
Chr2	21300001	24300000	24.59
Chr2	21600001	24600000	25.48
Chr2	21900001	24900000	20.10
Chr2	22200001	25200000	20.21
Chr2	22500001	25500000	20.04
Chr2	22800001	25800000	20.30
Chr2	23100001	26100000	25.68
Chr2	23400001	26400000	28.08
Chr2	23700001	26700000	26.73
Chr2	24000001	27000000	28.98
Chr2	24300001	27300000	29.01
Chr2	24600001	27600000	31.11
Chr2	24900001	27900000	30.65
Chr2	25200001	28200000	30.33
Chr2	25500001	28500000	28.86
Chr2	25800001	28800000	29.65
Chr2	26100001	29100000	26.87
Chr2	26400001	29400000	21.22
Chr2	26700001	29700000	20.70
Chr2	27000001	30000000	19.95
Chr2	27300001	30300000	16.49
Chr2	27600001	30600000	16.57
Chr2	27900001	30900000	16.32
Chr2	28200001	31200000	14.50
Chr2	28500001	31500000	16.43
Chr2	28800001	31800000	13.85
Chr2	29100001	32100000	14.12
Chr2	29400001	32400000	14.72
Chr2	29700001	32700000	15.69
Chr2	30000001	33000000	14.14
Chr2	30300001	33300000	14.57
Chr2	30600001	33600000	13.33
Chr2	30900001	33900000	13.65
Chr2	31200001	34200000	15.34
Chr2	31500001	34500000	15.86
Chr2	31800001	34800000	17.05
Chr2	32100001	35100000	19.00
Chr2	32400001	35400000	20.34
Chr2	32700001	35700000	22.38
Chr2	33000001	36000000	26.38
Chr2	33300001	36300000	26.20
Chr2	33600001	36600000	24.65
Chr2	33900001	36900000	22.92
Chr2	34200001	37200000	23.48
Chr2	34500001	37500000	21.19
Chr2	34800001	37641802	18.88
Chr3	1	3000000	23.22
Chr3	300001	3300000	19.73
Chr3	600001	3600000	25.56
Chr3	900001	3900000	27.96
Chr3	1200001	4200000	30.67
Chr3	1500001	4500000	29.77
Chr3	1800001	4800000	28.15
Chr3	2100001	5100000	27.65
Chr3	2400001	5400000	28.99
Chr3	2700001	5700000	25.52
Chr3	3000001	6000000	23.87
Chr3	3300001	6300000	25.16
Chr3	3600001	6600000	18.31
Chr3	3900001	6900000	15.18
Chr3	4200001	7200000	18.17
Chr3	4500001	7500000	23.19
Chr3	4800001	7800000	22.76
Chr3	5100001	8100000	24.80
Chr3	5400001	8400000	28.33
Chr3	5700001	8700000	26.52
Chr3	6000001	9000000	26.06
Chr3	6300001	9300000	26.10
Chr3	6600001	9600000	27.72
Chr3	6900001	9900000	26.43
Chr3	7200001	10200000	23.44
Chr3	7500001	10500000	20.23
Chr3	7800001	10800000	21.19
Chr3	8100001	11100000	19.61
Chr3	8400001	11400000	11.78
Chr3	8700001	11700000	11.80
Chr3	9000001	12000000	14.57
Chr3	9300001	12300000	13.96
Chr3	9600001	12600000	8.45
Chr3	9900001	12900000	17.20
Chr3	10200001	13200000	16.47
Chr3	10500001	13500000	16.50
Chr3	10800001	13800000	23.01
Chr3	11100001	14100000	23.44
Chr3	11400001	14400000	24.67
Chr3	11700001	14700000	27.41
Chr3	12000001	15000000	28.19
Chr3	12300001	15300000	27.82
Chr3	12600001	15600000	27.91
Chr3	12900001	15900000	24.49
Chr3	13200001	16200000	26.32
Chr3	13500001	16500000	27.46
Chr3	13800001	16800000	26.36
Chr3	14100001	17100000	27.19
Chr3	14400001	17400000	27.16
Chr3	14700001	17700000	25.35
Chr3	15000001	18000000	23.29
Chr3	15300001	18300000	24.22
Chr3	15600001	18600000	22.97
Chr3	15900001	18900000	25.56
Chr3	16200001	19200000	25.11
Chr3	16500001	19500000	22.29
Chr3	16800001	19800000	19.73
Chr3	17100001	20100000	21.19
Chr3	17400001	20400000	21.09
Chr3	17700001	20700000	23.19
Chr3	18000001	21000000	23.07
Chr3	18300001	21300000	23.01
Chr3	18600001	21600000	21.63
Chr3	18900001	21900000	19.88
Chr3	19200001	22200000	20.05
Chr3	19500001	22500000	21.89
Chr3	19800001	22800000	22.16
Chr3	20100001	23100000	21.06
Chr3	20400001	23400000	20.90
Chr3	20700001	23700000	19.01
Chr3	21000001	24000000	21.30
Chr3	21300001	24300000	21.53
Chr3	21600001	24600000	24.40
Chr3	21900001	24900000	24.07
Chr3	22200001	25200000	23.56
Chr3	22500001	25500000	24.24
Chr3	22800001	25800000	26.55
Chr3	23100001	26100000	26.46
Chr3	23400001	26400000	25.53
Chr3	23700001	26700000	24.05
Chr3	24000001	27000000	21.55
Chr3	24300001	27300000	22.20
Chr3	24600001	27600000	21.47
Chr3	24900001	27900000	23.09
Chr3	25200001	28200000	20.00
Chr3	25500001	28500000	16.96
Chr3	25800001	28800000	13.25
Chr3	26100001	29100000	16.17
Chr3	26400001	29400000	16.96
Chr3	26700001	29700000	19.91
Chr3	27000001	30000000	19.95
Chr3	27300001	30300000	17.19
Chr3	27600001	30600000	17.78
Chr3	27900001	30900000	19.20
Chr3	28200001	31200000	21.02
Chr3	28500001	31500000	18.13
Chr3	28800001	31800000	22.78
Chr3	29100001	32100000	21.34
Chr3	29400001	32400000	21.73
Chr3	29700001	32700000	17.93
Chr3	30000001	33000000	20.67
Chr3	30300001	33300000	22.75
Chr3	30600001	33600000	23.75
Chr3	30900001	33900000	25.84
Chr3	31200001	34200000	26.06
Chr3	31500001	34500000	26.32
Chr3	31800001	34800000	22.34
Chr3	32100001	35100000	21.14
Chr3	32400001	35400000	19.85
Chr3	32700001	35700000	23.95
Chr3	33000001	36000000	22.50
Chr3	33300001	36300000	20.89
Chr3	33600001	36600000	19.02
Chr3	33900001	36900000	19.90
Chr3	34200001	37200000	22.94
Chr3	34500001	37500000	27.74
Chr3	34800001	37800000	30.11
Chr3	35100001	38100000	31.59
Chr3	35400001	38400000	33.01
Chr3	35700001	38700000	35.03
Chr3	36000001	39000000	32.22
Chr3	36300001	39118592	31.96
Chr4	1	3000000	23.24
Chr4	300001	3300000	27.12
Chr4	600001	3600000	27.38
Chr4	900001	3900000	28.04
Chr4	1200001	4200000	29.44
Chr4	1500001	4500000	30.07
Chr4	1800001	4800000	29.27
Chr4	2100001	5100000	31.58
Chr4	2400001	5400000	32.83
Chr4	2700001	5700000	29.87
Chr4	3000001	6000000	29.17
Chr4	3300001	6300000	28.14
Chr4	3600001	6600000	28.61
Chr4	3900001	6900000	30.04
Chr4	4200001	7200000	28.77
Chr4	4500001	7500000	24.69
Chr4	4800001	7800000	25.61
Chr4	5100001	8100000	26.28
Chr4	5400001	8400000	26.12
Chr4	5700001	8700000	28.45
Chr4	6000001	9000000	28.10
Chr4	6300001	9300000	29.57
Chr4	6600001	9600000	28.66
Chr4	6900001	9900000	27.31
Chr4	7200001	10200000	26.66
Chr4	7500001	10500000	25.69
Chr4	7800001	10800000	26.51
Chr4	8100001	11100000	26.26
Chr4	8400001	11400000	27.59
Chr4	8700001	11700000	25.67
Chr4	9000001	12000000	25.38
Chr4	9300001	12300000	22.81
Chr4	9600001	12600000	23.87
Chr4	9900001	12900000	25.58
Chr4	10200001	13200000	26.16
Chr4	10500001	13500000	28.35
Chr4	10800001	13800000	27.09
Chr4	11100001	14100000	25.49
Chr4	11400001	14400000	22.57
Chr4	11700001	14700000	22.23
Chr4	12000001	15000000	22.27
Chr4	12300001	15300000	21.25
Chr4	12600001	15600000	18.72
Chr4	12900001	15900000	16.58
Chr4	13200001	16200000	16.38
Chr4	13500001	16500000	14.88
Chr4	13800001	16800000	15.54
Chr4	14100001	17100000	15.57
Chr4	14400001	17400000	15.65
Chr4	14700001	17700000	15.32
Chr4	15000001	18000000	14.12
Chr4	15300001	18300000	14.87
Chr4	15600001	18600000	16.20
Chr4	15900001	18900000	16.48
Chr4	16200001	19200000	18.96
Chr4	16500001	19500000	22.30
Chr4	16800001	19800000	21.76
Chr4	17100001	20100000	22.08
Chr4	17400001	20400000	23.07
Chr4	17700001	20700000	23.67
Chr4	18000001	21000000	25.11
Chr4	18300001	21300000	26.12
Chr4	18600001	21600000	26.26
Chr4	18900001	21900000	29.49
Chr4	19200001	22200000	27.38
Chr4	19500001	22500000	23.04
Chr4	19800001	22800000	22.61
Chr4	20100001	23100000	21.35
Chr4	20400001	23400000	23.19
Chr4	20700001	23700000	22.83
Chr4	21000001	24000000	20.35
Chr4	21300001	24300000	18.77
Chr4	21600001	24600000	17.63
Chr4	21900001	24900000	11.42
Chr4	22200001	25200000	11.80
Chr4	22500001	25500000	14.08
Chr4	22800001	25800000	16.05
Chr4	23100001	26100000	16.48
Chr4	23400001	26400000	13.19
Chr4	23700001	26700000	15.34
Chr4	24000001	27000000	16.31
Chr4	24300001	27300000	17.80
Chr4	24600001	27600000	18.05
Chr4	24900001	27900000	19.21
Chr4	25200001	28200000	21.58
Chr4	25500001	28500000	23.13
Chr4	25800001	28800000	22.02
Chr4	26100001	29100000	23.73
Chr4	26400001	29400000	24.74
Chr4	26700001	29700000	23.25
Chr4	27000001	30000000	23.09
Chr4	27300001	30300000	22.17
Chr4	27600001	30600000	22.43
Chr4	27900001	30900000	26.37
Chr4	28200001	31200000	27.29
Chr4	28500001	31500000	26.47
Chr4	28800001	31800000	28.05
Chr4	29100001	32100000	25.22
Chr4	29400001	32400000	23.95
Chr4	29700001	32700000	26.13
Chr4	30000001	33000000	25.26
Chr4	30300001	33300000	25.27
Chr4	30600001	33600000	27.73
Chr4	30900001	33900000	25.73
Chr4	31200001	34200000	25.33
Chr4	31500001	34500000	28.48
Chr4	31800001	34800000	28.80
Chr4	32100001	35100000	30.39
Chr4	32400001	35400000	32.07
Chr4	32700001	35700000	32.13
Chr4	33000001	36000000	33.93
Chr4	33300001	36300000	36.80
Chr4	33600001	36600000	35.14
Chr4	33900001	36900000	35.69
Chr4	34200001	37200000	33.55
Chr4	34500001	37424388	36.19
Chr5	1	3000000	29.96
Chr5	300001	3300000	30.65
Chr5	600001	3600000	25.61
Chr5	900001	3900000	25.58
Chr5	1200001	4200000	21.92
Chr5	1500001	4500000	24.08
Chr5	1800001	4800000	22.95
Chr5	2100001	5100000	22.97
Chr5	2400001	5400000	24.74
Chr5	2700001	5700000	26.03
Chr5	3000001	6000000	25.05
Chr5	3300001	6300000	29.08
Chr5	3600001	6600000	28.26
Chr5	3900001	6900000	25.97
Chr5	4200001	7200000	27.06
Chr5	4500001	7500000	24.57
Chr5	4800001	7800000	24.56
Chr5	5100001	8100000	21.95
Chr5	5400001	8400000	22.13
Chr5	5700001	8700000	20.07
Chr5	6000001	9000000	19.41
Chr5	6300001	9300000	16.11
Chr5	6600001	9600000	19.58
Chr5	6900001	9900000	21.92
Chr5	7200001	10200000	19.85
Chr5	7500001	10500000	21.20
Chr5	7800001	10800000	21.31
Chr5	8100001	11100000	22.28
Chr5	8400001	11400000	22.56
Chr5	8700001	11700000	24.03
Chr5	9000001	12000000	26.48
Chr5	9300001	12300000	26.31
Chr5	9600001	12600000	25.28
Chr5	9900001	12900000	24.98
Chr5	10200001	13200000	26.10
Chr5	10500001	13500000	26.51
Chr5	10800001	13800000	26.93
Chr5	11100001	14100000	28.33
Chr5	11400001	14400000	27.47
Chr5	11700001	14700000	27.65
Chr5	12000001	15000000	25.45
Chr5	12300001	15300000	24.92
Chr5	12600001	15600000	26.31
Chr5	12900001	15900000	30.82
Chr5	13200001	16200000	31.76
Chr5	13500001	16500000	30.68
Chr5	13800001	16800000	30.16
Chr5	14100001	17100000	26.73
Chr5	14400001	17400000	25.43
Chr5	14700001	17700000	26.56
Chr5	15000001	18000000	27.02
Chr5	15300001	18300000	29.40
Chr5	15600001	18600000	29.71
Chr5	15900001	18900000	23.85
Chr5	16200001	19200000	21.07
Chr5	16500001	19500000	20.80
Chr5	16800001	19800000	21.71
Chr5	17100001	20100000	22.83
Chr5	17400001	20400000	27.10
Chr5	17700001	20700000	22.92
Chr5	18000001	21000000	22.54
Chr5	18300001	21300000	20.65
Chr5	18600001	21600000	15.89
Chr5	18900001	21900000	20.88
Chr5	19200001	22200000	20.66
Chr5	19500001	22500000	25.69
Chr5	19800001	22800000	27.08
Chr5	20100001	23100000	30.85
Chr5	20400001	23400000	28.38
Chr5	20700001	23700000	29.29
Chr5	21000001	24000000	27.24
Chr5	21300001	24300000	27.56
Chr5	21600001	24600000	27.73
Chr5	21900001	24900000	22.56
Chr5	22200001	25200000	28.89
Chr5	22500001	25500000	27.60
Chr5	22800001	25800000	25.64
Chr5	23100001	26100000	22.35
Chr5	23400001	26400000	23.05
Chr5	23700001	26700000	25.55
Chr5	24000001	27000000	24.95
Chr5	24300001	27300000	24.97
Chr5	24600001	27600000	26.26
Chr5	24900001	27900000	27.29
Chr5	25200001	28200000	23.52
Chr5	25500001	28500000	21.86
Chr5	25800001	28800000	23.57
Chr5	26100001	29100000	28.95
Chr5	26400001	29400000	30.66
Chr5	26700001	29700000	26.11
Chr5	27000001	30000000	33.21
Chr5	27300001	30300000	31.94
Chr5	27600001	30600000	33.11
Chr5	27900001	30611827	30.62
Chr6	1	3000000	22.76
Chr6	300001	3300000	24.94
Chr6	600001	3600000	25.87
Chr6	900001	3900000	26.54
Chr6	1200001	4200000	28.49
Chr6	1500001	4500000	25.91
Chr6	1800001	4800000	25.26
Chr6	2100001	5100000	24.06
Chr6	2400001	5400000	20.36
Chr6	2700001	5700000	19.06
Chr6	3000001	6000000	20.96
Chr6	3300001	6300000	19.30
Chr6	3600001	6600000	17.25
Chr6	3900001	6900000	14.66
Chr6	4200001	7200000	14.20
Chr6	4500001	7500000	13.10
Chr6	4800001	7800000	13.10
Chr6	5100001	8100000	13.71
Chr6	5400001	8400000	12.71
Chr6	5700001	8700000	10.67
Chr6	6000001	9000000	9.40
Chr6	6300001	9300000	14.21
Chr6	6600001	9600000	15.08
Chr6	6900001	9900000	19.18
Chr6	7200001	10200000	20.96
Chr6	7500001	10500000	20.07
Chr6	7800001	10800000	21.29
Chr6	8100001	11100000	19.89
Chr6	8400001	11400000	24.32
Chr6	8700001	11700000	25.82
Chr6	9000001	12000000	25.78
Chr6	9300001	12300000	22.85
Chr6	9600001	12600000	25.14
Chr6	9900001	12900000	21.42
Chr6	10200001	13200000	20.48
Chr6	10500001	13500000	21.12
Chr6	10800001	13800000	20.43
Chr6	11100001	14100000	22.91
Chr6	11400001	14400000	20.09
Chr6	11700001	14700000	21.13
Chr6	12000001	15000000	20.63
Chr6	12300001	15300000	21.45
Chr6	12600001	15600000	21.39
Chr6	12900001	15900000	22.07
Chr6	13200001	16200000	19.93
Chr6	13500001	16500000	19.50
Chr6	13800001	16800000	20.06
Chr6	14100001	17100000	20.98
Chr6	14400001	17400000	21.83
Chr6	14700001	17700000	21.28
Chr6	15000001	18000000	23.27
Chr6	15300001	18300000	23.33
Chr6	15600001	18600000	20.79
Chr6	15900001	18900000	22.18
Chr6	16200001	19200000	23.03
Chr6	16500001	19500000	24.77
Chr6	16800001	19800000	25.62
Chr6	17100001	20100000	22.76
Chr6	17400001	20400000	23.19
Chr6	17700001	20700000	23.34
Chr6	18000001	21000000	20.27
Chr6	18300001	21300000	20.31
Chr6	18600001	21600000	22.64
Chr6	18900001	21900000	22.47
Chr6	19200001	22200000	23.36
Chr6	19500001	22500000	22.24
Chr6	19800001	22800000	22.42
Chr6	20100001	23100000	22.78
Chr6	20400001	23400000	24.96
Chr6	20700001	23700000	24.81
Chr6	21000001	24000000	26.73
Chr6	21300001	24300000	28.21
Chr6	21600001	24600000	26.87
Chr6	21900001	24900000	26.01
Chr6	22200001	25200000	27.18
Chr6	22500001	25500000	27.13
Chr6	22800001	25800000	25.99
Chr6	23100001	26100000	28.65
Chr6	23400001	26400000	27.29
Chr6	23700001	26700000	29.93
Chr6	24000001	27000000	28.87
Chr6	24300001	27300000	27.06
Chr6	24600001	27600000	28.13
Chr6	24900001	27900000	25.49
Chr6	25200001	28200000	26.19
Chr6	25500001	28500000	25.98
Chr6	25800001	28800000	26.45
Chr6	26100001	29100000	26.11
Chr6	26400001	29400000	24.33
Chr6	26700001	29700000	21.69
Chr6	27000001	30000000	21.27
Chr6	27300001	30300000	20.39
Chr6	27600001	30600000	20.64
Chr6	27900001	30900000	21.82
Chr6	28200001	31200000	20.89
Chr6	28500001	31500000	24.30
Chr6	28800001	31800000	21.45
Chr6	29100001	31859513	18.97
Chr7	1	3000000	22.41
Chr7	300001	3300000	21.92
Chr7	600001	3600000	20.76
Chr7	900001	3900000	21.27
Chr7	1200001	4200000	21.65
Chr7	1500001	4500000	21.31
Chr7	1800001	4800000	25.04
Chr7	2100001	5100000	20.58
Chr7	2400001	5400000	18.34
Chr7	2700001	5700000	18.20
Chr7	3000001	6000000	17.36
Chr7	3300001	6300000	18.70
Chr7	3600001	6600000	21.34
Chr7	3900001	6900000	19.37
Chr7	4200001	7200000	22.61
Chr7	4500001	7500000	22.50
Chr7	4800001	7800000	23.32
Chr7	5100001	8100000	30.16
Chr7	5400001	8400000	32.65
Chr7	5700001	8700000	33.21
Chr7	6000001	9000000	32.27
Chr7	6300001	9300000	30.54
Chr7	6600001	9600000	27.94
Chr7	6900001	9900000	28.07
Chr7	7200001	10200000	27.78
Chr7	7500001	10500000	29.10
Chr7	7800001	10800000	27.12
Chr7	8100001	11100000	22.86
Chr7	8400001	11400000	22.21
Chr7	8700001	11700000	22.46
Chr7	9000001	12000000	22.29
Chr7	9300001	12300000	23.48
Chr7	9600001	12600000	23.30
Chr7	9900001	12900000	21.97
Chr7	10200001	13200000	21.93
Chr7	10500001	13500000	21.37
Chr7	10800001	13800000	23.61
Chr7	11100001	14100000	25.97
Chr7	11400001	14400000	26.39
Chr7	11700001	14700000	25.92
Chr7	12000001	15000000	26.27
Chr7	12300001	15300000	29.36
Chr7	12600001	15600000	30.31
Chr7	12900001	15900000	31.65
Chr7	13200001	16200000	31.49
Chr7	13500001	16500000	31.29
Chr7	13800001	16800000	31.20
Chr7	14100001	17100000	28.22
Chr7	14400001	17400000	28.10
Chr7	14700001	17700000	28.17
Chr7	15000001	18000000	27.80
Chr7	15300001	18300000	23.10
Chr7	15600001	18600000	22.24
Chr7	15900001	18900000	23.25
Chr7	16200001	19200000	22.57
Chr7	16500001	19500000	22.04
Chr7	16800001	19800000	20.62
Chr7	17100001	20100000	24.67
Chr7	17400001	20400000	23.16
Chr7	17700001	20700000	21.49
Chr7	18000001	21000000	22.95
Chr7	18300001	21300000	23.21
Chr7	18600001	21600000	26.25
Chr7	18900001	21900000	26.93
Chr7	19200001	22200000	26.67
Chr7	19500001	22500000	24.00
Chr7	19800001	22800000	21.11
Chr7	20100001	23100000	16.78
Chr7	20400001	23400000	18.93
Chr7	20700001	23700000	18.36
Chr7	21000001	24000000	15.96
Chr7	21300001	24300000	19.39
Chr7	21600001	24600000	19.39
Chr7	21900001	24900000	17.55
Chr7	22200001	25200000	18.98
Chr7	22500001	25500000	21.61
Chr7	22800001	25800000	25.34
Chr7	23100001	26100000	25.02
Chr7	23400001	26400000	19.26
Chr7	23700001	26700000	22.12
Chr7	24000001	27000000	21.19
Chr7	24300001	27300000	17.18
Chr7	24600001	27600000	18.09
Chr7	24900001	27900000	22.49
Chr7	25200001	28200000	25.68
Chr7	25500001	28500000	22.84
Chr7	25800001	28800000	23.76
Chr7	26100001	29100000	23.21
Chr7	26400001	29400000	24.98
Chr7	26700001	29700000	22.30
Chr7	27000001	30000000	28.99
Chr7	27300001	30300000	30.11
Chr7	27600001	30600000	32.06
Chr7	27900001	30837454	30.76
Chr8	1	3000000	18.54
Chr8	300001	3300000	20.34
Chr8	600001	3600000	20.84
Chr8	900001	3900000	19.85
Chr8	1200001	4200000	19.25
Chr8	1500001	4500000	16.08
Chr8	1800001	4800000	14.93
Chr8	2100001	5100000	17.68
Chr8	2400001	5400000	25.85
Chr8	2700001	5700000	27.13
Chr8	3000001	6000000	27.46
Chr8	3300001	6300000	28.18
Chr8	3600001	6600000	27.31
Chr8	3900001	6900000	28.09
Chr8	4200001	7200000	26.35
Chr8	4500001	7500000	25.48
Chr8	4800001	7800000	25.94
Chr8	5100001	8100000	24.66
Chr8	5400001	8400000	21.61
Chr8	5700001	8700000	20.36
Chr8	6000001	9000000	20.47
Chr8	6300001	9300000	18.21
Chr8	6600001	9600000	17.37
Chr8	6900001	9900000	16.92
Chr8	7200001	10200000	15.77
Chr8	7500001	10500000	11.83
Chr8	7800001	10800000	16.22
Chr8	8100001	11100000	17.36
Chr8	8400001	11400000	16.80
Chr8	8700001	11700000	17.41
Chr8	9000001	12000000	17.58
Chr8	9300001	12300000	23.05
Chr8	9600001	12600000	23.90
Chr8	9900001	12900000	23.15
Chr8	10200001	13200000	22.14
Chr8	10500001	13500000	25.50
Chr8	10800001	13800000	22.46
Chr8	11100001	14100000	21.30
Chr8	11400001	14400000	23.28
Chr8	11700001	14700000	23.27
Chr8	12000001	15000000	24.77
Chr8	12300001	15300000	21.67
Chr8	12600001	15600000	21.54
Chr8	12900001	15900000	22.68
Chr8	13200001	16200000	24.79
Chr8	13500001	16500000	25.16
Chr8	13800001	16800000	27.71
Chr8	14100001	17100000	28.97
Chr8	14400001	17400000	27.90
Chr8	14700001	17700000	30.16
Chr8	15000001	18000000	29.82
Chr8	15300001	18300000	31.55
Chr8	15600001	18600000	30.21
Chr8	15900001	18900000	28.71
Chr8	16200001	19200000	28.99
Chr8	16500001	19500000	28.28
Chr8	16800001	19800000	27.21
Chr8	17100001	20100000	27.04
Chr8	17400001	20400000	25.95
Chr8	17700001	20700000	23.37
Chr8	18000001	21000000	19.02
Chr8	18300001	21300000	15.69
Chr8	18600001	21600000	17.43
Chr8	18900001	21900000	18.44
Chr8	19200001	22200000	20.67
Chr8	19500001	22500000	20.61
Chr8	19800001	22800000	22.46
Chr8	20100001	23100000	22.99
Chr8	20400001	23400000	25.10
Chr8	20700001	23700000	24.68
Chr8	21000001	24000000	26.14
Chr8	21300001	24300000	27.88
Chr8	21600001	24600000	27.80
Chr8	21900001	24900000	27.07
Chr8	22200001	25200000	25.23
Chr8	22500001	25500000	22.70
Chr8	22800001	25800000	19.14
Chr8	23100001	26100000	17.84
Chr8	23400001	26400000	15.83
Chr8	23700001	26700000	16.54
Chr8	24000001	27000000	14.39
Chr8	24300001	27300000	12.35
Chr8	24600001	27600000	11.47
Chr8	24900001	27900000	16.16
Chr8	25200001	28200000	14.22
Chr8	25500001	28500000	14.13
Chr8	25800001	28800000	14.91
Chr8	26100001	29080880	16.93
Chr9	1	3000000	27.53
Chr9	300001	3300000	24.98
Chr9	600001	3600000	18.69
Chr9	900001	3900000	17.94
Chr9	1200001	4200000	18.17
Chr9	1500001	4500000	19.05
Chr9	1800001	4800000	19.26
Chr9	2100001	5100000	20.45
Chr9	2400001	5400000	20.94
Chr9	2700001	5700000	20.68
Chr9	3000001	6000000	21.72
Chr9	3300001	6300000	21.02
Chr9	3600001	6600000	23.20
Chr9	3900001	6900000	21.95
Chr9	4200001	7200000	22.58
Chr9	4500001	7500000	23.03
Chr9	4800001	7800000	22.32
Chr9	5100001	8100000	21.02
Chr9	5400001	8400000	18.38
Chr9	5700001	8700000	18.33
Chr9	6000001	9000000	18.63
Chr9	6300001	9300000	20.89
Chr9	6600001	9600000	23.66
Chr9	6900001	9900000	25.06
Chr9	7200001	10200000	25.92
Chr9	7500001	10500000	23.79
Chr9	7800001	10800000	25.57
Chr9	8100001	11100000	26.10
Chr9	8400001	11400000	27.24
Chr9	8700001	11700000	28.12
Chr9	9000001	12000000	28.94
Chr9	9300001	12300000	28.51
Chr9	9600001	12600000	26.55
Chr9	9900001	12900000	28.07
Chr9	10200001	13200000	26.70
Chr9	10500001	13500000	22.95
Chr9	10800001	13800000	18.27
Chr9	11100001	14100000	17.04
Chr9	11400001	14400000	16.04
Chr9	11700001	14700000	15.62
Chr9	12000001	15000000	17.00
Chr9	12300001	15300000	17.90
Chr9	12600001	15600000	17.18
Chr9	12900001	15900000	16.85
Chr9	13200001	16200000	15.19
Chr9	13500001	16500000	17.66
Chr9	13800001	16800000	21.01
Chr9	14100001	17100000	20.29
Chr9	14400001	17400000	18.59
Chr9	14700001	17700000	20.50
Chr9	15000001	18000000	14.87
Chr9	15300001	18300000	13.63
Chr9	15600001	18600000	13.08
Chr9	15900001	18900000	11.01
Chr9	16200001	19200000	13.33
Chr9	16500001	19500000	12.46
Chr9	16800001	19800000	14.97
Chr9	17100001	20100000	16.09
Chr9	17400001	20400000	16.81
Chr9	17700001	20700000	11.36
Chr9	18000001	21000000	13.46
Chr9	18300001	21300000	11.22
Chr9	18600001	21600000	10.96
Chr9	18900001	21900000	13.10
Chr9	19200001	22200000	15.47
Chr9	19500001	22500000	19.12
Chr9	19800001	22800000	15.33
Chr9	20100001	23100000	19.84
Chr9	20400001	23400000	24.22
Chr9	20700001	23454625	24.82
Chr10	1	3000000	17.44
Chr10	300001	3300000	18.77
Chr10	600001	3600000	21.14
Chr10	900001	3900000	20.96
Chr10	1200001	4200000	21.26
Chr10	1500001	4500000	20.57
Chr10	1800001	4800000	20.50
Chr10	2100001	5100000	21.77
Chr10	2400001	5400000	22.30
Chr10	2700001	5700000	22.32
Chr10	3000001	6000000	20.54
Chr10	3300001	6300000	21.51
Chr10	3600001	6600000	20.45
Chr10	3900001	6900000	21.07
Chr10	4200001	7200000	20.07
Chr10	4500001	7500000	21.23
Chr10	4800001	7800000	20.28
Chr10	5100001	8100000	19.50
Chr10	5400001	8400000	20.25
Chr10	5700001	8700000	20.64
Chr10	6000001	9000000	19.11
Chr10	6300001	9300000	18.32
Chr10	6600001	9600000	20.03
Chr10	6900001	9900000	23.22
Chr10	7200001	10200000	23.26
Chr10	7500001	10500000	23.12
Chr10	7800001	10800000	23.54
Chr10	8100001	11100000	23.36
Chr10	8400001	11400000	21.97
Chr10	8700001	11700000	21.52
Chr10	9000001	12000000	24.61
Chr10	9300001	12300000	24.68
Chr10	9600001	12600000	22.96
Chr10	9900001	12900000	21.36
Chr10	10200001	13200000	23.86
Chr10	10500001	13500000	23.84
Chr10	10800001	13800000	22.40
Chr10	11100001	14100000	22.82
Chr10	11400001	14400000	24.63
Chr10	11700001	14700000	26.12
Chr10	12000001	15000000	24.15
Chr10	12300001	15300000	26.48
Chr10	12600001	15600000	26.83
Chr10	12900001	15900000	26.25
Chr10	13200001	16200000	23.34
Chr10	13500001	16500000	24.02
Chr10	13800001	16800000	24.24
Chr10	14100001	17100000	23.22
Chr10	14400001	17400000	24.40
Chr10	14700001	17700000	24.01
Chr10	15000001	18000000	24.14
Chr10	15300001	18300000	20.42
Chr10	15600001	18600000	20.52
Chr10	15900001	18900000	22.88
Chr10	16200001	19200000	24.91
Chr10	16500001	19500000	25.40
Chr10	16800001	19800000	27.13
Chr10	17100001	20100000	28.72
Chr10	17400001	20400000	25.26
Chr10	17700001	20700000	26.29
Chr10	18000001	21000000	27.46
Chr10	18300001	21300000	26.44
Chr10	18600001	21600000	26.97
Chr10	18900001	21900000	23.61
Chr10	19200001	22200000	22.29
Chr10	19500001	22500000	20.09
Chr10	19800001	22800000	20.44
Chr10	20100001	23100000	18.80
Chr10	20400001	23400000	19.21
Chr10	20700001	23700000	16.02
Chr10	21000001	24000000	18.51
Chr10	21300001	24300000	19.64
Chr10	21600001	24600000	18.97
Chr10	21900001	24900000	24.18
Chr10	22200001	25200000	24.01
Chr10	22500001	25325277	25.26
Chr11	1	3000000	18.65
Chr11	300001	3300000	18.53
Chr11	600001	3600000	20.62
Chr11	900001	3900000	23.31
Chr11	1200001	4200000	28.15
Chr11	1500001	4500000	28.40
Chr11	1800001	4800000	26.65
Chr11	2100001	5100000	29.00
Chr11	2400001	5400000	30.24
Chr11	2700001	5700000	31.60
Chr11	3000001	6000000	35.10
Chr11	3300001	6300000	33.95
Chr11	3600001	6600000	35.36
Chr11	3900001	6900000	36.25
Chr11	4200001	7200000	36.52
Chr11	4500001	7500000	35.46
Chr11	4800001	7800000	37.44
Chr11	5100001	8100000	36.09
Chr11	5400001	8400000	33.67
Chr11	5700001	8700000	29.92
Chr11	6000001	9000000	27.10
Chr11	6300001	9300000	30.45
Chr11	6600001	9600000	25.42
Chr11	6900001	9900000	20.63
Chr11	7200001	10200000	19.92
Chr11	7500001	10500000	18.59
Chr11	7800001	10800000	20.07
Chr11	8100001	11100000	21.67
Chr11	8400001	11400000	24.91
Chr11	8700001	11700000	25.25
Chr11	9000001	12000000	24.88
Chr11	9300001	12300000	23.32
Chr11	9600001	12600000	24.49
Chr11	9900001	12900000	25.30
Chr11	10200001	13200000	25.40
Chr11	10500001	13500000	25.18
Chr11	10800001	13800000	25.21
Chr11	11100001	14100000	26.74
Chr11	11400001	14400000	26.66
Chr11	11700001	14700000	28.80
Chr11	12000001	15000000	30.94
Chr11	12300001	15300000	32.39
Chr11	12600001	15600000	33.63
Chr11	12900001	15900000	34.34
Chr11	13200001	16200000	34.41
Chr11	13500001	16500000	36.72
Chr11	13800001	16800000	36.31
Chr11	14100001	17100000	35.44
Chr11	14400001	17400000	37.19
Chr11	14700001	17700000	36.70
Chr11	15000001	18000000	35.96
Chr11	15300001	18300000	33.48
Chr11	15600001	18600000	32.07
Chr11	15900001	18900000	31.92
Chr11	16200001	19200000	30.83
Chr11	16500001	19500000	29.58
Chr11	16800001	19800000	30.25
Chr11	17100001	20100000	29.19
Chr11	17400001	20400000	25.29
Chr11	17700001	20700000	26.36
Chr11	18000001	21000000	24.91
Chr11	18300001	21300000	28.36
Chr11	18600001	21600000	27.95
Chr11	18900001	21900000	27.31
Chr11	19200001	22200000	30.75
Chr11	19500001	22500000	31.56
Chr11	19800001	22800000	30.99
Chr11	20100001	23100000	30.45
Chr11	20400001	23400000	29.57
Chr11	20700001	23700000	25.04
Chr11	21000001	24000000	22.15
Chr11	21300001	24300000	16.35
Chr11	21600001	24600000	16.04
Chr11	21900001	24900000	17.18
Chr11	22200001	25200000	18.83
Chr11	22500001	25500000	18.94
Chr11	22800001	25800000	18.89
Chr11	23100001	26100000	16.42
Chr11	23400001	26400000	16.06
Chr11	23700001	26700000	19.83
Chr11	24000001	27000000	23.18
Chr11	24300001	27300000	26.27
Chr11	24600001	27600000	25.12
Chr11	24900001	27900000	25.50
Chr11	25200001	28200000	22.60
Chr11	25500001	28500000	22.97
Chr11	25800001	28800000	23.60
Chr11	26100001	29100000	24.67
Chr11	26400001	29400000	25.66
Chr11	26700001	29700000	24.53
Chr11	27000001	30000000	28.03
Chr11	27300001	30300000	27.17
Chr11	27600001	30600000	28.76
Chr11	27900001	30900000	27.43
Chr11	28200001	31200000	32.59
Chr11	28500001	31500000	33.02
Chr11	28800001	31800000	34.45
Chr11	29100001	32100000	33.11
Chr11	29400001	32400000	32.99
Chr11	29700001	32700000	31.55
Chr11	30000001	33000000	28.52
Chr11	30300001	33037997	27.16
Chr12	1	3000000	15.76
Chr12	300001	3300000	14.83
Chr12	600001	3600000	17.54
Chr12	900001	3900000	17.56
Chr12	1200001	4200000	19.42
Chr12	1500001	4500000	24.42
Chr12	1800001	4800000	24.19
Chr12	2100001	5100000	21.84
Chr12	2400001	5400000	20.60
Chr12	2700001	5700000	21.61
Chr12	3000001	6000000	21.16
Chr12	3300001	6300000	23.29
Chr12	3600001	6600000	20.93
Chr12	3900001	6900000	21.04
Chr12	4200001	7200000	19.57
Chr12	4500001	7500000	14.61
Chr12	4800001	7800000	15.94
Chr12	5100001	8100000	14.30
Chr12	5400001	8400000	14.61
Chr12	5700001	8700000	15.36
Chr12	6000001	9000000	18.06
Chr12	6300001	9300000	16.86
Chr12	6600001	9600000	20.30
Chr12	6900001	9900000	22.90
Chr12	7200001	10200000	23.85
Chr12	7500001	10500000	24.89
Chr12	7800001	10800000	23.22
Chr12	8100001	11100000	24.10
Chr12	8400001	11400000	24.22
Chr12	8700001	11700000	25.27
Chr12	9000001	12000000	24.16
Chr12	9300001	12300000	25.16
Chr12	9600001	12600000	23.16
Chr12	9900001	12900000	20.99
Chr12	10200001	13200000	21.43
Chr12	10500001	13500000	21.07
Chr12	10800001	13800000	23.53
Chr12	11100001	14100000	23.54
Chr12	11400001	14400000	23.16
Chr12	11700001	14700000	21.96
Chr12	12000001	15000000	22.87
Chr12	12300001	15300000	20.94
Chr12	12600001	15600000	22.75
Chr12	12900001	15900000	23.97
Chr12	13200001	16200000	23.52
Chr12	13500001	16500000	24.01
Chr12	13800001	16800000	22.63
Chr12	14100001	17100000	23.90
Chr12	14400001	17400000	25.98
Chr12	14700001	17700000	25.11
Chr12	15000001	18000000	24.03
Chr12	15300001	18300000	25.75
Chr12	15600001	18600000	23.14
Chr12	15900001	18900000	21.37
Chr12	16200001	19200000	20.97
Chr12	16500001	19500000	20.04
Chr12	16800001	19800000	20.46
Chr12	17100001	20100000	18.25
Chr12	17400001	20400000	16.10
Chr12	17700001	20700000	15.69
Chr12	18000001	21000000	15.88
Chr12	18300001	21300000	18.07
Chr12	18600001	21600000	20.90
Chr12	18900001	21900000	23.21
Chr12	19200001	22200000	22.00
Chr12	19500001	22500000	25.05
Chr12	19800001	22800000	24.24
Chr12	20100001	23100000	25.93
Chr12	20400001	23400000	23.04
Chr12	20700001	23700000	22.51
Chr12	21000001	24000000	21.55
Chr12	21300001	24300000	22.11
Chr12	21600001	24600000	23.36
Chr12	21900001	24900000	21.96
Chr12	22200001	25200000	22.43
Chr12	22500001	25500000	19.70
Chr12	22800001	25800000	20.71
Chr12	23100001	26100000	17.94
Chr12	23400001	26400000	19.79
Chr12	23700001	26700000	22.28
Chr12	24000001	26998995	27.18
unanchor1	1	292181	4.39
unanchor2	1	288701	4.12
unanchor3	1	97221	0
unanchor4	1	49746	0
unanchor5	1	68829	0
unanchor6	1	98266	0
unanchor7	1	33723	0
unanchor8	1	73742	0
unanchor9	1	151913	0
unanchor10	1	90583	0
unanchor11	1	78046	0
unanchor12	1	75598	0
unanchor13	1	74951	0
unanchor14	1	59362	0
unanchor15	1	49551	0
unanchor16	1	42116	0
unanchor17	1	17947	0
unanchor18	1	17112	0
unanchor19	1	96177	0
unanchor20	1	72238	0
unanchor21	1	16690	0
unanchor22	1	14881	0
unanchor23	1	14718	0
unanchor24	1	14703	0
unanchor25	1	14565	0
unanchor26	1	14538	0
unanchor27	1	14468	0
unanchor28	1	14415	0
unanchor29	1	14272	0
unanchor30	1	14268	0
unanchor31	1	14132	0
unanchor32	1	14057	0
unanchor33	1	13532	0
unanchor34	1	13525	0
unanchor35	1	13493	0
unanchor36	1	13021	0
unanchor37	1	12311	0
unanchor38	1	12235	0
unanchor39	1	12197	0
unanchor40	1	12194	0
unanchor41	1	12154	0
unanchor42	1	12118	0
unanchor43	1	12019	0
unanchor44	1	11702	0
unanchor45	1	11553	0
unanchor46	1	11532	0
unanchor47	1	10942	0
unanchor48	1	10884	0
unanchor49	1	10877	0
unanchor50	1	10233	0
unanchor51	1	10147	0
unanchor52	1	9955	0
unanchor53	1	9923	0
unanchor54	1	9919	0
unanchor55	1	9888	0
unanchor56	1	9469	0
unanchor57	1	9280	0
unanchor58	1	9157	0
unanchor59	1	9033	0
unanchor60	1	9021	0
unanchor61	1	8853	0
unanchor62	1	8361	0
unanchor63	1	8217	0
unanchor64	1	8015	0
unanchor65	1	7986	0
unanchor66	1	7908	0
unanchor67	1	7019	0
unanchor68	1	6979	0
unanchor69	1	6926	0
unanchor70	1	6677	0
unanchor71	1	6562	0
unanchor72	1	6547	0
unanchor73	1	6421	0
unanchor74	1	6367	0
unanchor75	1	6233	0
unanchor76	1	6018	0
unanchor77	1	5996	0
unanchor78	1	5953	0
unanchor79	1	5885	0
unanchor80	1	5828	0
unanchor81	1	5362	0
unanchor82	1	5241	0
unanchor83	1	5193	0
unanchor84	1	5182	0
unanchor85	1	5168	0
unanchor86	1	4959	0
unanchor87	1	4914	0
unanchor88	1	4744	0
unanchor89	1	4464	0
unanchor90	1	4392	0
unanchor91	1	4121	0
unanchor92	1	3923	0
unanchor93	1	3855	0
unanchor94	1	3717	0
unanchor95	1	3476	0
unanchor96	1	3308	0
unanchor97	1	3191	0
unanchor98	1	3165	0
unanchor99	1	2903	0
unanchor100	1	2781	0
unanchor101	1	2747	0
unanchor102	1	2744	0
unanchor103	1	2337	0
unanchor104	1	2156	0
unanchor105	1	2127	0
unanchor106	1	2082	0
unanchor107	1	1979	0
unanchor108	1	1949	0
unanchor109	1	1701	0
unanchor110	1	1696	0
unanchor111	1	1570	0
unanchor112	1	1428	0
unanchor113	1	1282	0
unanchor114	1	1151	0
unanchor115	1	1041	0
unanchor116	1	5000	0
unanchor117	1	39725	1.55
unanchor118	1	32383	0
unanchor119	1	17415	0
unanchor120	1	46103	1.59
unanchor121	1	154093	0
unanchor122	1	68233	0
unanchor123	1	64178	0
unanchor124	1	109102	0
unanchor125	1	23388	0
unanchor126	1	49673	1.60
unanchor127	1	18234	0
unanchor128	1	36581	0
unanchor129	1	16720	0
unanchor130	1	65943	0
unanchor131	1	47239	0
unanchor132	1	187994	0
unanchor133	1	103935	0
unanchor134	1	185382	0
unanchor135	1	43595	0
unanchor136	1	228640	0
unanchor137	1	75617	0
unanchor138	1	95146	0
unanchor139	1	175889	4.62
unanchor140	1	82098	0
unanchor141	1	89220	0
unanchor142	1	56437	1.33
unanchor143	1	19101	0
unanchor144	1	95943	1.69
unanchor145	1	35960	1.49
unanchor146	1	43478	0
unanchor147	1	61963	0
unanchor148	1	41064	0
unanchor149	1	17206	0
unanchor150	1	17196	0
unanchor151	1	23580	0
unanchor152	1	86397	0
unanchor153	1	15423	0
unanchor154	1	18190	0
unanchor155	1	16041	0
unanchor156	1	37525	1.42
unanchor157	1	60705	0
unanchor158	1	34201	0
unanchor159	1	42603	1.22
unanchor160	1	46382	0
unanchor161	1	45325	0
unanchor162	1	61234	0
unanchor163	1	79886	0
unanchor164	1	66051	0
unanchor165	1	69230	0
unanchor166	1	87253	0
unanchor167	1	84091	2.23
unanchor168	1	30883	0
unanchor169	1	82674	0
unanchor170	1	36477	0
unanchor171	1	50282	0
unanchor172	1	273796	4.57
unanchor173	1	120345	1.93
unanchor174	1	141604	2.13
unanchor175	1	54690	0
unanchor176	1	314224	8.40
unanchor177	1	300675	5.55
unanchor178	1	66400	0
