Chr1	1	11665404	1
Chr1	11665405	11665905	-1
Chr1	11665906	16866899	1
Chr1	16866900	16867400	-1
Chr1	16867401	16908230	1
Chr1	16908231	16908731	-1
Chr1	16908732	17014497	1
Chr1	17014498	17014998	-1
Chr1	17014999	40615399	1
Chr1	40615400	40615900	-1
Chr1	40615901	43672898	1
Chr10	1	8981202	1
Chr10	8981203	8981703	-1
Chr10	8981704	9219889	1
Chr10	9219890	9220389	-1
Chr10	9220390	25325276	1
Chr11	1	12390383	1
Chr11	12390384	12390884	-1
Chr11	12390885	12414456	1
Chr11	12414457	12414957	-1
Chr11	12414958	12593899	1
Chr11	12593900	12594400	-1
Chr11	12594401	12732203	1
Chr11	12732204	12732704	-1
Chr11	12732705	12788965	1
Chr11	12788966	12789466	-1
Chr11	12789467	12821159	1
Chr11	12821160	12821660	-1
Chr11	12821661	12872628	1
Chr11	12872629	12873129	-1
Chr11	12873130	13272525	1
Chr11	13272526	13273026	-1
Chr11	13273027	15122633	1
Chr11	15122634	15123134	-1
Chr11	15123135	32669474	1
Chr11	32669475	32669975	-1
Chr11	32669976	32899691	1
Chr11	32899692	32900192	-1
Chr11	32900193	33037996	1
Chr12	1	177228	1
Chr12	177229	177729	-1
Chr12	177730	26998994	1
Chr2	1	14156012	1
Chr2	14156013	14156513	-1
Chr2	14156514	37641801	1
Chr3	1	34761428	1
Chr3	34761429	34761929	-1
Chr3	34761930	34802574	1
Chr3	34802575	34803075	-1
Chr3	34803076	39118591	1
Chr4	1	2387133	1
Chr4	2387134	2387634	-1
Chr4	2387635	16798895	1
Chr4	16798896	16799396	-1
Chr4	16799397	16958253	1
Chr4	16958254	16958754	-1
Chr4	16958755	37424387	1
Chr5	1	4462394	1
Chr5	4462395	4462895	-1
Chr5	4462896	12483039	1
Chr5	12483040	12483540	-1
Chr5	12483541	30611826	1
Chr6	1	377493	1
Chr6	377494	377994	-1
Chr6	377995	15679481	1
Chr6	15679482	15679982	-1
Chr6	15679983	29947946	1
Chr6	29947947	29948447	-1
Chr6	29948448	31859512	1
Chr7	1	13191528	1
Chr7	13191529	13192029	-1
Chr7	13192030	13247062	1
Chr7	13247063	13247563	-1
Chr7	13247564	13359005	1
Chr7	13359006	13359506	-1
Chr7	13359507	13407137	1
Chr7	13407138	13407638	-1
Chr7	13407639	13469706	1
Chr7	13469707	13470207	-1
Chr7	13470208	25030632	1
Chr7	25030633	25031133	-1
Chr7	25031134	30837453	1
Chr8	1	13126302	1
Chr8	13126303	13126803	-1
Chr8	13126804	29080879	1
Chr9	1	2860281	1
Chr9	2860282	2860782	-1
Chr9	2860783	13328229	1
Chr9	13328230	13328730	-1
Chr9	13328731	13639625	1
Chr9	13639626	13640126	-1
Chr9	13640127	13687196	1
Chr9	13687197	13687697	-1
Chr9	13687698	21321554	1
Chr9	21321555	21322055	-1
Chr9	21322056	23454624	1
