Chr	From	To	Copia	Gypsy	unknown	Total_LTR
whole_genome	1	398253226	0.0352	0.2149	0.0480	0.2949
Chr1	1	3000000	0.0247	0.1254	0.0378	0.1850
Chr1	300001	3300000	0.0219	0.1232	0.0360	0.1779
Chr1	600001	3600000	0.0201	0.1213	0.0364	0.1747
Chr1	900001	3900000	0.0173	0.1092	0.0389	0.1621
Chr1	1200001	4200000	0.0175	0.1006	0.0371	0.1518
Chr1	1500001	4500000	0.0138	0.0866	0.0353	0.1329
Chr1	1800001	4800000	0.0137	0.0896	0.0352	0.1360
Chr1	2100001	5100000	0.0144	0.0752	0.0356	0.1226
Chr1	2400001	5400000	0.0151	0.0833	0.0367	0.1321
Chr1	2700001	5700000	0.0152	0.0867	0.0381	0.1367
Chr1	3000001	6000000	0.0200	0.0837	0.0367	0.1373
Chr1	3300001	6300000	0.0216	0.0718	0.0411	0.1313
Chr1	3600001	6600000	0.0216	0.0832	0.0438	0.1456
Chr1	3900001	6900000	0.0212	0.0834	0.0424	0.1444
Chr1	4200001	7200000	0.0206	0.0910	0.0426	0.1513
Chr1	4500001	7500000	0.0221	0.0993	0.0423	0.1608
Chr1	4800001	7800000	0.0218	0.1028	0.0441	0.1653
Chr1	5100001	8100000	0.0210	0.1037	0.0443	0.1657
Chr1	5400001	8400000	0.0201	0.0983	0.0425	0.1578
Chr1	5700001	8700000	0.0181	0.0970	0.0452	0.1570
Chr1	6000001	9000000	0.0150	0.1062	0.0494	0.1674
Chr1	6300001	9300000	0.0177	0.1088	0.0464	0.1700
Chr1	6600001	9600000	0.0219	0.1020	0.0442	0.1650
Chr1	6900001	9900000	0.0247	0.1034	0.0457	0.1704
Chr1	7200001	10200000	0.0262	0.1062	0.0464	0.1756
Chr1	7500001	10500000	0.0265	0.1128	0.0469	0.1833
Chr1	7800001	10800000	0.0266	0.1113	0.0448	0.1801
Chr1	8100001	11100000	0.0288	0.1225	0.0417	0.1905
Chr1	8400001	11400000	0.0324	0.1302	0.0444	0.2046
Chr1	8700001	11700000	0.0355	0.1336	0.0402	0.2071
Chr1	9000001	12000000	0.0349	0.1318	0.0377	0.2023
Chr1	9300001	12300000	0.0353	0.1509	0.0404	0.2237
Chr1	9600001	12600000	0.0349	0.1494	0.0455	0.2262
Chr1	9900001	12900000	0.0363	0.1609	0.0460	0.2398
Chr1	10200001	13200000	0.0398	0.1833	0.0454	0.2648
Chr1	10500001	13500000	0.0420	0.2060	0.0446	0.2885
Chr1	10800001	13800000	0.0443	0.2087	0.0450	0.2939
Chr1	11100001	14100000	0.0488	0.2182	0.0485	0.3103
Chr1	11400001	14400000	0.0530	0.2113	0.0500	0.3091
Chr1	11700001	14700000	0.0503	0.2099	0.0498	0.3048
Chr1	12000001	15000000	0.0559	0.2229	0.0472	0.3206
Chr1	12300001	15300000	0.0560	0.2173	0.0473	0.3160
Chr1	12600001	15600000	0.0594	0.2304	0.0451	0.3303
Chr1	12900001	15900000	0.0550	0.2370	0.0452	0.3328
Chr1	13200001	16200000	0.0523	0.2236	0.0465	0.3183
Chr1	13500001	16500000	0.0532	0.2116	0.0518	0.3133
Chr1	13800001	16800000	0.0525	0.2391	0.0552	0.3430
Chr1	14100001	17100000	0.0528	0.2685	0.0544	0.3727
Chr1	14400001	17400000	0.0474	0.3309	0.0533	0.4288
Chr1	14700001	17700000	0.0532	0.3665	0.0551	0.4717
Chr1	15000001	18000000	0.0512	0.3638	0.0577	0.4699
Chr1	15300001	18300000	0.0570	0.3625	0.0576	0.4743
Chr1	15600001	18600000	0.0546	0.3549	0.0561	0.4626
Chr1	15900001	18900000	0.0604	0.3428	0.0571	0.4569
Chr1	16200001	19200000	0.0599	0.3341	0.0570	0.4471
Chr1	16500001	19500000	0.0626	0.3245	0.0534	0.4362
Chr1	16800001	19800000	0.0631	0.3041	0.0480	0.4115
Chr1	17100001	20100000	0.0571	0.2945	0.0579	0.4051
Chr1	17400001	20400000	0.0557	0.2620	0.0568	0.3695
Chr1	17700001	20700000	0.0503	0.2336	0.0556	0.3349
Chr1	18000001	21000000	0.0486	0.2256	0.0538	0.3232
Chr1	18300001	21300000	0.0411	0.2334	0.0543	0.3237
Chr1	18600001	21600000	0.0385	0.2316	0.0534	0.3191
Chr1	18900001	21900000	0.0366	0.2668	0.0512	0.3506
Chr1	19200001	22200000	0.0362	0.2812	0.0514	0.3651
Chr1	19500001	22500000	0.0302	0.2789	0.0528	0.3579
Chr1	19800001	22800000	0.0308	0.2805	0.0551	0.3621
Chr1	20100001	23100000	0.0336	0.2603	0.0420	0.3327
Chr1	20400001	23400000	0.0342	0.2332	0.0419	0.3064
Chr1	20700001	23700000	0.0331	0.2301	0.0445	0.3042
Chr1	21000001	24000000	0.0299	0.2353	0.0479	0.3095
Chr1	21300001	24300000	0.0276	0.2205	0.0457	0.2903
Chr1	21600001	24600000	0.0260	0.2205	0.0447	0.2876
Chr1	21900001	24900000	0.0289	0.1774	0.0468	0.2493
Chr1	22200001	25200000	0.0314	0.1554	0.0453	0.2278
Chr1	22500001	25500000	0.0342	0.1501	0.0426	0.2235
Chr1	22800001	25800000	0.0344	0.1331	0.0416	0.2059
Chr1	23100001	26100000	0.0310	0.1294	0.0424	0.1994
Chr1	23400001	26400000	0.0319	0.1367	0.0428	0.2082
Chr1	23700001	26700000	0.0330	0.1342	0.0404	0.2050
Chr1	24000001	27000000	0.0370	0.1265	0.0378	0.1983
Chr1	24300001	27300000	0.0365	0.1183	0.0370	0.1889
Chr1	24600001	27600000	0.0370	0.1149	0.0372	0.1860
Chr1	24900001	27900000	0.0309	0.1208	0.0341	0.1829
Chr1	25200001	28200000	0.0264	0.1223	0.0366	0.1827
Chr1	25500001	28500000	0.0220	0.1376	0.0382	0.1952
Chr1	25800001	28800000	0.0192	0.1391	0.0380	0.1936
Chr1	26100001	29100000	0.0231	0.1275	0.0384	0.1866
Chr1	26400001	29400000	0.0224	0.1201	0.0378	0.1777
Chr1	26700001	29700000	0.0225	0.1169	0.0393	0.1758
Chr1	27000001	30000000	0.0207	0.1077	0.0400	0.1659
Chr1	27300001	30300000	0.0238	0.1120	0.0389	0.1725
Chr1	27600001	30600000	0.0249	0.1337	0.0451	0.2018
Chr1	27900001	30900000	0.0251	0.1216	0.0454	0.1899
Chr1	28200001	31200000	0.0260	0.1189	0.0447	0.1873
Chr1	28500001	31500000	0.0276	0.0960	0.0441	0.1654
Chr1	28800001	31800000	0.0293	0.1093	0.0455	0.1812
Chr1	29100001	32100000	0.0254	0.1043	0.0462	0.1728
Chr1	29400001	32400000	0.0248	0.0988	0.0466	0.1673
Chr1	29700001	32700000	0.0254	0.1179	0.0459	0.1868
Chr1	30000001	33000000	0.0237	0.1176	0.0437	0.1827
Chr1	30300001	33300000	0.0226	0.1133	0.0431	0.1766
Chr1	30600001	33600000	0.0209	0.0869	0.0366	0.1420
Chr1	30900001	33900000	0.0204	0.0988	0.0368	0.1540
Chr1	31200001	34200000	0.0192	0.1087	0.0365	0.1625
Chr1	31500001	34500000	0.0183	0.1157	0.0358	0.1678
Chr1	31800001	34800000	0.0217	0.1143	0.0373	0.1713
Chr1	32100001	35100000	0.0215	0.1261	0.0373	0.1828
Chr1	32400001	35400000	0.0207	0.1241	0.0371	0.1798
Chr1	32700001	35700000	0.0197	0.1129	0.0356	0.1658
Chr1	33000001	36000000	0.0233	0.1166	0.0377	0.1752
Chr1	33300001	36300000	0.0269	0.1157	0.0394	0.1796
Chr1	33600001	36600000	0.0277	0.1155	0.0410	0.1814
Chr1	33900001	36900000	0.0312	0.1136	0.0425	0.1843
Chr1	34200001	37200000	0.0315	0.1107	0.0412	0.1804
Chr1	34500001	37500000	0.0317	0.1106	0.0411	0.1804
Chr1	34800001	37800000	0.0266	0.1017	0.0412	0.1664
Chr1	35100001	38100000	0.0263	0.0947	0.0413	0.1593
Chr1	35400001	38400000	0.0262	0.1005	0.0408	0.1647
Chr1	35700001	38700000	0.0270	0.0930	0.0393	0.1566
Chr1	36000001	39000000	0.0236	0.0978	0.0376	0.1561
Chr1	36300001	39300000	0.0194	0.1019	0.0374	0.1558
Chr1	36600001	39600000	0.0171	0.1149	0.0353	0.1646
Chr1	36900001	39900000	0.0133	0.1099	0.0335	0.1542
Chr1	37200001	40200000	0.0138	0.1068	0.0338	0.1519
Chr1	37500001	40500000	0.0128	0.1210	0.0320	0.1636
Chr1	37800001	40800000	0.0138	0.1146	0.0291	0.1558
Chr1	38100001	41100000	0.0141	0.1059	0.0302	0.1483
Chr1	38400001	41400000	0.0146	0.0967	0.0310	0.1403
Chr1	38700001	41700000	0.0136	0.1040	0.0325	0.1479
Chr1	39000001	42000000	0.0152	0.0973	0.0345	0.1448
Chr1	39300001	42300000	0.0160	0.1019	0.0348	0.1503
Chr1	39600001	42600000	0.0199	0.1016	0.0373	0.1560
Chr1	39900001	42900000	0.0227	0.1011	0.0363	0.1575
Chr1	40200001	43200000	0.0251	0.1087	0.0350	0.1662
Chr1	40500001	43500000	0.0249	0.0906	0.0348	0.1476
Chr1	40800001	43788308	0.0263	0.0939	0.0368	0.1544
Chr2	1	3000000	0.0268	0.0988	0.0322	0.1550
Chr2	300001	3300000	0.0288	0.1018	0.0331	0.1610
Chr2	600001	3600000	0.0337	0.1033	0.0319	0.1659
Chr2	900001	3900000	0.0353	0.1170	0.0318	0.1809
Chr2	1200001	4200000	0.0335	0.1188	0.0337	0.1828
Chr2	1500001	4500000	0.0334	0.1204	0.0351	0.1858
Chr2	1800001	4800000	0.0351	0.1204	0.0356	0.1880
Chr2	2100001	5100000	0.0376	0.1218	0.0347	0.1913
Chr2	2400001	5400000	0.0362	0.1041	0.0325	0.1706
Chr2	2700001	5700000	0.0326	0.0967	0.0329	0.1600
Chr2	3000001	6000000	0.0325	0.1026	0.0332	0.1659
Chr2	3300001	6300000	0.0282	0.1087	0.0332	0.1677
Chr2	3600001	6600000	0.0263	0.1077	0.0330	0.1647
Chr2	3900001	6900000	0.0231	0.0916	0.0336	0.1461
Chr2	4200001	7200000	0.0239	0.0944	0.0346	0.1502
Chr2	4500001	7500000	0.0282	0.1174	0.0325	0.1754
Chr2	4800001	7800000	0.0294	0.1174	0.0355	0.1797
Chr2	5100001	8100000	0.0289	0.1623	0.0371	0.2256
Chr2	5400001	8400000	0.0280	0.1740	0.0407	0.2399
Chr2	5700001	8700000	0.0344	0.1670	0.0423	0.2408
Chr2	6000001	9000000	0.0351	0.1595	0.0438	0.2355
Chr2	6300001	9300000	0.0362	0.1648	0.0440	0.2423
Chr2	6600001	9600000	0.0371	0.1705	0.0435	0.2483
Chr2	6900001	9900000	0.0392	0.1945	0.0425	0.2735
Chr2	7200001	10200000	0.0401	0.1987	0.0457	0.2821
Chr2	7500001	10500000	0.0381	0.1950	0.0491	0.2801
Chr2	7800001	10800000	0.0373	0.2158	0.0507	0.3015
Chr2	8100001	11100000	0.0360	0.1984	0.0496	0.2815
Chr2	8400001	11400000	0.0354	0.1979	0.0483	0.2792
Chr2	8700001	11700000	0.0307	0.2137	0.0487	0.2905
Chr2	9000001	12000000	0.0327	0.2301	0.0526	0.3130
Chr2	9300001	12300000	0.0355	0.2258	0.0528	0.3115
Chr2	9600001	12600000	0.0373	0.2362	0.0561	0.3273
Chr2	9900001	12900000	0.0398	0.2332	0.0603	0.3307
Chr2	10200001	13200000	0.0436	0.2454	0.0563	0.3422
Chr2	10500001	13500000	0.0409	0.2537	0.0568	0.3478
Chr2	10800001	13800000	0.0411	0.2633	0.0541	0.3550
Chr2	11100001	14100000	0.0404	0.2868	0.0533	0.3774
Chr2	11400001	14400000	0.0377	0.3161	0.0548	0.4058
Chr2	11700001	14700000	0.0380	0.3398	0.0604	0.4349
Chr2	12000001	15000000	0.0382	0.3773	0.0578	0.4700
Chr2	12300001	15300000	0.0418	0.4023	0.0595	0.5003
Chr2	12600001	15600000	0.0394	0.4227	0.0626	0.5213
Chr2	12900001	15900000	0.0360	0.4367	0.0664	0.5356
Chr2	13200001	16200000	0.0320	0.4765	0.0739	0.5793
Chr2	13500001	16500000	0.0341	0.4726	0.0728	0.5766
Chr2	13800001	16800000	0.0353	0.4537	0.0732	0.5593
Chr2	14100001	17100000	0.0385	0.4036	0.0742	0.5131
Chr2	14400001	17400000	0.0406	0.3696	0.0722	0.4795
Chr2	14700001	17700000	0.0411	0.3393	0.0638	0.4420
Chr2	15000001	18000000	0.0421	0.3262	0.0644	0.4302
Chr2	15300001	18300000	0.0363	0.3096	0.0618	0.4053
Chr2	15600001	18600000	0.0347	0.2775	0.0605	0.3705
Chr2	15900001	18900000	0.0342	0.2621	0.0541	0.3485
Chr2	16200001	19200000	0.0371	0.2320	0.0499	0.3164
Chr2	16500001	19500000	0.0373	0.2281	0.0537	0.3158
Chr2	16800001	19800000	0.0357	0.2248	0.0537	0.3101
Chr2	17100001	20100000	0.0341	0.2287	0.0540	0.3128
Chr2	17400001	20400000	0.0339	0.2125	0.0558	0.2974
Chr2	17700001	20700000	0.0327	0.2084	0.0566	0.2923
Chr2	18000001	21000000	0.0303	0.1848	0.0589	0.2686
Chr2	18300001	21300000	0.0341	0.1738	0.0627	0.2645
Chr2	18600001	21600000	0.0412	0.1796	0.0590	0.2738
Chr2	18900001	21900000	0.0433	0.1935	0.0583	0.2894
Chr2	19200001	22200000	0.0445	0.1628	0.0553	0.2572
Chr2	19500001	22500000	0.0424	0.1527	0.0505	0.2413
Chr2	19800001	22800000	0.0404	0.1541	0.0489	0.2396
Chr2	20100001	23100000	0.0405	0.1632	0.0482	0.2480
Chr2	20400001	23400000	0.0427	0.1687	0.0459	0.2541
Chr2	20700001	23700000	0.0427	0.1594	0.0459	0.2453
Chr2	21000001	24000000	0.0415	0.1685	0.0429	0.2502
Chr2	21300001	24300000	0.0378	0.1680	0.0383	0.2421
Chr2	21600001	24600000	0.0301	0.1566	0.0363	0.2209
Chr2	21900001	24900000	0.0265	0.1350	0.0365	0.1956
Chr2	22200001	25200000	0.0220	0.1369	0.0384	0.1949
Chr2	22500001	25500000	0.0248	0.1305	0.0402	0.1927
Chr2	22800001	25800000	0.0281	0.1603	0.0406	0.2258
Chr2	23100001	26100000	0.0254	0.2141	0.0451	0.2812
Chr2	23400001	26400000	0.0218	0.2241	0.0441	0.2866
Chr2	23700001	26700000	0.0207	0.2301	0.0448	0.2926
Chr2	24000001	27000000	0.0198	0.2238	0.0409	0.2813
Chr2	24300001	27300000	0.0182	0.2199	0.0433	0.2783
Chr2	24600001	27600000	0.0177	0.2224	0.0430	0.2802
Chr2	24900001	27900000	0.0200	0.2227	0.0463	0.2851
Chr2	25200001	28200000	0.0215	0.2247	0.0444	0.2872
Chr2	25500001	28500000	0.0197	0.2361	0.0427	0.2951
Chr2	25800001	28800000	0.0164	0.1986	0.0430	0.2550
Chr2	26100001	29100000	0.0201	0.1261	0.0402	0.1833
Chr2	26400001	29400000	0.0203	0.1184	0.0426	0.1777
Chr2	26700001	29700000	0.0246	0.1167	0.0418	0.1793
Chr2	27000001	30000000	0.0278	0.1099	0.0419	0.1758
Chr2	27300001	30300000	0.0284	0.1167	0.0416	0.1830
Chr2	27600001	30600000	0.0295	0.1144	0.0429	0.1825
Chr2	27900001	30900000	0.0275	0.1132	0.0420	0.1795
Chr2	28200001	31200000	0.0247	0.1270	0.0399	0.1885
Chr2	28500001	31500000	0.0241	0.1183	0.0391	0.1784
Chr2	28800001	31800000	0.0260	0.1170	0.0376	0.1776
Chr2	29100001	32100000	0.0240	0.1282	0.0337	0.1834
Chr2	29400001	32400000	0.0244	0.1263	0.0332	0.1813
Chr2	29700001	32700000	0.0238	0.1237	0.0338	0.1788
Chr2	30000001	33000000	0.0218	0.1142	0.0353	0.1688
Chr2	30300001	33300000	0.0208	0.1069	0.0330	0.1581
Chr2	30600001	33600000	0.0235	0.1154	0.0319	0.1687
Chr2	30900001	33900000	0.0281	0.1077	0.0316	0.1653
Chr2	31200001	34200000	0.0293	0.0973	0.0350	0.1592
Chr2	31500001	34500000	0.0300	0.1020	0.0348	0.1645
Chr2	31800001	34800000	0.0308	0.0999	0.0351	0.1636
Chr2	32100001	35100000	0.0298	0.1059	0.0373	0.1708
Chr2	32400001	35400000	0.0296	0.1061	0.0370	0.1711
Chr2	32700001	35700000	0.0292	0.1018	0.0362	0.1654
Chr2	33000001	36000000	0.0284	0.0995	0.0370	0.1629
Chr2	33300001	36300000	0.0286	0.1070	0.0386	0.1720
Chr2	33600001	36600000	0.0241	0.1041	0.0401	0.1656
Chr2	33900001	36900000	0.0209	0.1108	0.0376	0.1667
Chr2	34200001	37200000	0.0204	0.1013	0.0343	0.1535
Chr2	34500001	37500000	0.0177	0.0924	0.0323	0.1399
Chr2	34800001	37679110	0.0164	0.1051	0.0329	0.1520
Chr3	1	3000000	0.0143	0.1208	0.0520	0.1850
Chr3	300001	3300000	0.0157	0.1137	0.0477	0.1747
Chr3	600001	3600000	0.0182	0.1161	0.0440	0.1755
Chr3	900001	3900000	0.0197	0.1161	0.0434	0.1764
Chr3	1200001	4200000	0.0205	0.1155	0.0439	0.1769
Chr3	1500001	4500000	0.0202	0.1000	0.0449	0.1623
Chr3	1800001	4800000	0.0197	0.0906	0.0466	0.1538
Chr3	2100001	5100000	0.0163	0.0936	0.0481	0.1548
Chr3	2400001	5400000	0.0175	0.0789	0.0421	0.1353
Chr3	2700001	5700000	0.0175	0.0731	0.0420	0.1296
Chr3	3000001	6000000	0.0181	0.0635	0.0408	0.1195
Chr3	3300001	6300000	0.0187	0.0573	0.0398	0.1130
Chr3	3600001	6600000	0.0166	0.0514	0.0397	0.1051
Chr3	3900001	6900000	0.0202	0.0487	0.0367	0.1031
Chr3	4200001	7200000	0.0188	0.0566	0.0348	0.1080
Chr3	4500001	7500000	0.0218	0.0728	0.0354	0.1273
Chr3	4800001	7800000	0.0244	0.0754	0.0345	0.1317
Chr3	5100001	8100000	0.0269	0.0828	0.0389	0.1461
Chr3	5400001	8400000	0.0273	0.0982	0.0362	0.1593
Chr3	5700001	8700000	0.0310	0.1131	0.0363	0.1779
Chr3	6000001	9000000	0.0306	0.1116	0.0379	0.1775
Chr3	6300001	9300000	0.0295	0.1462	0.0415	0.2147
Chr3	6600001	9600000	0.0334	0.1479	0.0433	0.2219
Chr3	6900001	9900000	0.0292	0.1467	0.0436	0.2170
Chr3	7200001	10200000	0.0344	0.1383	0.0449	0.2150
Chr3	7500001	10500000	0.0316	0.1224	0.0438	0.1956
Chr3	7800001	10800000	0.0282	0.1191	0.0431	0.1882
Chr3	8100001	11100000	0.0271	0.1029	0.0374	0.1653
Chr3	8400001	11400000	0.0285	0.0897	0.0415	0.1572
Chr3	8700001	11700000	0.0277	0.0872	0.0419	0.1543
Chr3	9000001	12000000	0.0323	0.0927	0.0428	0.1652
Chr3	9300001	12300000	0.0333	0.0590	0.0399	0.1297
Chr3	9600001	12600000	0.0321	0.0542	0.0372	0.1213
Chr3	9900001	12900000	0.0336	0.0682	0.0357	0.1351
Chr3	10200001	13200000	0.0346	0.0684	0.0353	0.1360
Chr3	10500001	13500000	0.0353	0.0745	0.0332	0.1407
Chr3	10800001	13800000	0.0348	0.1299	0.0382	0.2004
Chr3	11100001	14100000	0.0318	0.2016	0.0567	0.2866
Chr3	11400001	14400000	0.0332	0.2338	0.0538	0.3179
Chr3	11700001	14700000	0.0358	0.2242	0.0552	0.3125
Chr3	12000001	15000000	0.0332	0.2241	0.0564	0.3107
Chr3	12300001	15300000	0.0316	0.2413	0.0578	0.3274
Chr3	12600001	15600000	0.0335	0.2530	0.0604	0.3432
Chr3	12900001	15900000	0.0361	0.2434	0.0626	0.3384
Chr3	13200001	16200000	0.0350	0.2590	0.0623	0.3526
Chr3	13500001	16500000	0.0397	0.2599	0.0656	0.3611
Chr3	13800001	16800000	0.0457	0.2157	0.0678	0.3240
Chr3	14100001	17100000	0.0542	0.1580	0.0506	0.2586
Chr3	14400001	17400000	0.0520	0.1420	0.0518	0.2409
Chr3	14700001	17700000	0.0521	0.1621	0.0493	0.2587
Chr3	15000001	18000000	0.0575	0.1696	0.0513	0.2738
Chr3	15300001	18300000	0.0576	0.1654	0.0545	0.2724
Chr3	15600001	18600000	0.0598	0.1637	0.0586	0.2770
Chr3	15900001	18900000	0.0559	0.1690	0.0608	0.2807
Chr3	16200001	19200000	0.0588	0.1659	0.0606	0.2804
Chr3	16500001	19500000	0.0564	0.1861	0.0617	0.2996
Chr3	16800001	19800000	0.0598	0.1995	0.0583	0.3145
Chr3	17100001	20100000	0.0603	0.2494	0.0627	0.3684
Chr3	17400001	20400000	0.0629	0.2898	0.0656	0.4149
Chr3	17700001	20700000	0.0673	0.3258	0.0686	0.4565
Chr3	18000001	21000000	0.0671	0.3652	0.0667	0.4938
Chr3	18300001	21300000	0.0690	0.4163	0.0622	0.5431
Chr3	18600001	21600000	0.0715	0.4506	0.0680	0.5854
Chr3	18900001	21900000	0.0780	0.4906	0.0649	0.6285
Chr3	19200001	22200000	0.0789	0.4976	0.0657	0.6370
Chr3	19500001	22500000	0.0807	0.5009	0.0652	0.6410
Chr3	19800001	22800000	0.0753	0.4910	0.0646	0.6252
Chr3	20100001	23100000	0.0675	0.4524	0.0618	0.5768
Chr3	20400001	23400000	0.0669	0.4129	0.0567	0.5315
Chr3	20700001	23700000	0.0600	0.3908	0.0544	0.5021
Chr3	21000001	24000000	0.0544	0.3739	0.0554	0.4808
Chr3	21300001	24300000	0.0520	0.3264	0.0576	0.4332
Chr3	21600001	24600000	0.0436	0.3028	0.0459	0.3901
Chr3	21900001	24900000	0.0438	0.2798	0.0491	0.3696
Chr3	22200001	25200000	0.0380	0.2709	0.0528	0.3587
Chr3	22500001	25500000	0.0359	0.2907	0.0493	0.3737
Chr3	22800001	25800000	0.0341	0.2895	0.0488	0.3701
Chr3	23100001	26100000	0.0373	0.2753	0.0458	0.3560
Chr3	23400001	26400000	0.0357	0.2637	0.0469	0.3436
Chr3	23700001	26700000	0.0385	0.2353	0.0506	0.3216
Chr3	24000001	27000000	0.0371	0.2070	0.0480	0.2893
Chr3	24300001	27300000	0.0409	0.1931	0.0462	0.2773
Chr3	24600001	27600000	0.0421	0.1877	0.0513	0.2781
Chr3	24900001	27900000	0.0375	0.1724	0.0497	0.2575
Chr3	25200001	28200000	0.0405	0.1663	0.0466	0.2511
Chr3	25500001	28500000	0.0398	0.1250	0.0499	0.2124
Chr3	25800001	28800000	0.0430	0.1176	0.0488	0.2070
Chr3	26100001	29100000	0.0429	0.1175	0.0507	0.2087
Chr3	26400001	29400000	0.0420	0.1152	0.0521	0.2069
Chr3	26700001	29700000	0.0374	0.1100	0.0502	0.1951
Chr3	27000001	30000000	0.0370	0.1116	0.0486	0.1945
Chr3	27300001	30300000	0.0332	0.1231	0.0485	0.2019
Chr3	27600001	30600000	0.0332	0.1202	0.0415	0.1923
Chr3	27900001	30900000	0.0326	0.1088	0.0395	0.1782
Chr3	28200001	31200000	0.0270	0.1041	0.0403	0.1689
Chr3	28500001	31500000	0.0256	0.0956	0.0380	0.1568
Chr3	28800001	31800000	0.0241	0.0938	0.0374	0.1530
Chr3	29100001	32100000	0.0231	0.0946	0.0357	0.1511
Chr3	29400001	32400000	0.0229	0.1185	0.0344	0.1734
Chr3	29700001	32700000	0.0209	0.1323	0.0335	0.1845
Chr3	30000001	33000000	0.0210	0.1272	0.0343	0.1806
Chr3	30300001	33300000	0.0233	0.1218	0.0323	0.1751
Chr3	30600001	33600000	0.0214	0.1144	0.0335	0.1672
Chr3	30900001	33900000	0.0194	0.1176	0.0350	0.1699
Chr3	31200001	34200000	0.0216	0.1216	0.0331	0.1744
Chr3	31500001	34500000	0.0214	0.1255	0.0335	0.1783
Chr3	31800001	34800000	0.0198	0.1301	0.0352	0.1830
Chr3	32100001	35100000	0.0192	0.1298	0.0355	0.1824
Chr3	32400001	35400000	0.0181	0.1056	0.0357	0.1574
Chr3	32700001	35700000	0.0222	0.0913	0.0360	0.1473
Chr3	33000001	36000000	0.0216	0.0864	0.0346	0.1405
Chr3	33300001	36300000	0.0213	0.0806	0.0357	0.1352
Chr3	33600001	36600000	0.0230	0.0842	0.0350	0.1397
Chr3	33900001	36900000	0.0233	0.0894	0.0356	0.1460
Chr3	34200001	37200000	0.0230	0.0873	0.0376	0.1455
Chr3	34500001	37500000	0.0256	0.0833	0.0363	0.1425
Chr3	34800001	37800000	0.0292	0.0817	0.0343	0.1423
Chr3	35100001	38100000	0.0283	0.0718	0.0326	0.1300
Chr3	35400001	38400000	0.0301	0.0708	0.0319	0.1300
Chr3	35700001	38700000	0.0269	0.0734	0.0356	0.1328
Chr3	36000001	38713935	0.0292	0.0792	0.0373	0.1424
Chr4	1	3000000	0.0361	0.3379	0.0605	0.4318
Chr4	300001	3300000	0.0342	0.3704	0.0591	0.4605
Chr4	600001	3600000	0.0325	0.3750	0.0636	0.4675
Chr4	900001	3900000	0.0312	0.3963	0.0619	0.4859
Chr4	1200001	4200000	0.0312	0.3962	0.0675	0.4912
Chr4	1500001	4500000	0.0350	0.3885	0.0658	0.4871
Chr4	1800001	4800000	0.0322	0.4015	0.0716	0.5029
Chr4	2100001	5100000	0.0331	0.3944	0.0680	0.4930
Chr4	2400001	5400000	0.0319	0.3784	0.0679	0.4757
Chr4	2700001	5700000	0.0326	0.3758	0.0714	0.4766
Chr4	3000001	6000000	0.0406	0.3503	0.0667	0.4545
Chr4	3300001	6300000	0.0374	0.3205	0.0675	0.4226
Chr4	3600001	6600000	0.0361	0.3270	0.0697	0.4305
Chr4	3900001	6900000	0.0425	0.3043	0.0690	0.4133
Chr4	4200001	7200000	0.0443	0.3145	0.0622	0.4187
Chr4	4500001	7500000	0.0437	0.3438	0.0612	0.4462
Chr4	4800001	7800000	0.0416	0.3669	0.0539	0.4601
Chr4	5100001	8100000	0.0424	0.3999	0.0622	0.5006
Chr4	5400001	8400000	0.0423	0.4361	0.0675	0.5391
Chr4	5700001	8700000	0.0486	0.4438	0.0609	0.5470
Chr4	6000001	9000000	0.0419	0.4651	0.0605	0.5612
Chr4	6300001	9300000	0.0450	0.5031	0.0617	0.6034
Chr4	6600001	9600000	0.0450	0.5310	0.0581	0.6277
Chr4	6900001	9900000	0.0421	0.5609	0.0583	0.6542
Chr4	7200001	10200000	0.0396	0.5980	0.0606	0.6912
Chr4	7500001	10500000	0.0346	0.6037	0.0692	0.7004
Chr4	7800001	10800000	0.0341	0.5860	0.0841	0.6970
Chr4	8100001	11100000	0.0315	0.5643	0.0844	0.6747
Chr4	8400001	11400000	0.0305	0.5455	0.0790	0.6521
Chr4	8700001	11700000	0.0273	0.5513	0.0794	0.6552
Chr4	9000001	12000000	0.0305	0.5576	0.0803	0.6651
Chr4	9300001	12300000	0.0312	0.5320	0.0771	0.6376
Chr4	9600001	12600000	0.0320	0.4973	0.0764	0.6025
Chr4	9900001	12900000	0.0366	0.4676	0.0745	0.5761
Chr4	10200001	13200000	0.0365	0.4390	0.0722	0.5450
Chr4	10500001	13500000	0.0411	0.4072	0.0635	0.5091
Chr4	10800001	13800000	0.0527	0.3928	0.0522	0.4948
Chr4	11100001	14100000	0.0591	0.3818	0.0435	0.4815
Chr4	11400001	14400000	0.0651	0.3672	0.0425	0.4723
Chr4	11700001	14700000	0.0639	0.3323	0.0407	0.4346
Chr4	12000001	15000000	0.0704	0.2938	0.0392	0.4015
Chr4	12300001	15300000	0.0690	0.2659	0.0384	0.3709
Chr4	12600001	15600000	0.0684	0.2591	0.0374	0.3631
Chr4	12900001	15900000	0.0600	0.2440	0.0431	0.3449
Chr4	13200001	16200000	0.0586	0.2320	0.0490	0.3371
Chr4	13500001	16500000	0.0606	0.2295	0.0498	0.3372
Chr4	13800001	16800000	0.0548	0.2385	0.0537	0.3438
Chr4	14100001	17100000	0.0525	0.2429	0.0614	0.3533
Chr4	14400001	17400000	0.0493	0.2390	0.0643	0.3487
Chr4	14700001	17700000	0.0470	0.2191	0.0651	0.3266
Chr4	15000001	18000000	0.0367	0.2281	0.0683	0.3279
Chr4	15300001	18300000	0.0377	0.2359	0.0664	0.3353
Chr4	15600001	18600000	0.0367	0.2425	0.0674	0.3408
Chr4	15900001	18900000	0.0402	0.2511	0.0613	0.3468
Chr4	16200001	19200000	0.0430	0.2455	0.0563	0.3387
Chr4	16500001	19500000	0.0393	0.2284	0.0561	0.3179
Chr4	16800001	19800000	0.0399	0.2005	0.0505	0.2855
Chr4	17100001	20100000	0.0422	0.1835	0.0477	0.2683
Chr4	17400001	20400000	0.0406	0.1672	0.0416	0.2445
Chr4	17700001	20700000	0.0421	0.1653	0.0433	0.2462
Chr4	18000001	21000000	0.0445	0.1493	0.0407	0.2304
Chr4	18300001	21300000	0.0464	0.1284	0.0443	0.2147
Chr4	18600001	21600000	0.0472	0.1027	0.0425	0.1885
Chr4	18900001	21900000	0.0421	0.0928	0.0429	0.1740
Chr4	19200001	22200000	0.0408	0.0888	0.0405	0.1670
Chr4	19500001	22500000	0.0378	0.0896	0.0397	0.1644
Chr4	19800001	22800000	0.0324	0.0885	0.0423	0.1603
Chr4	20100001	23100000	0.0302	0.0859	0.0440	0.1570
Chr4	20400001	23400000	0.0302	0.0823	0.0471	0.1565
Chr4	20700001	23700000	0.0283	0.0886	0.0456	0.1599
Chr4	21000001	24000000	0.0240	0.1066	0.0494	0.1759
Chr4	21300001	24300000	0.0190	0.1103	0.0463	0.1715
Chr4	21600001	24600000	0.0177	0.1210	0.0478	0.1828
Chr4	21900001	24900000	0.0176	0.1284	0.0515	0.1935
Chr4	22200001	25200000	0.0151	0.1289	0.0510	0.1912
Chr4	22500001	25500000	0.0144	0.1252	0.0525	0.1883
Chr4	22800001	25800000	0.0148	0.1271	0.0483	0.1866
Chr4	23100001	26100000	0.0137	0.1368	0.0451	0.1919
Chr4	23400001	26400000	0.0159	0.1352	0.0438	0.1913
Chr4	23700001	26700000	0.0194	0.1296	0.0420	0.1873
Chr4	24000001	27000000	0.0200	0.1141	0.0365	0.1683
Chr4	24300001	27300000	0.0218	0.1172	0.0381	0.1747
Chr4	24600001	27600000	0.0223	0.1132	0.0375	0.1707
Chr4	24900001	27900000	0.0228	0.0958	0.0338	0.1505
Chr4	25200001	28200000	0.0214	0.1181	0.0383	0.1751
Chr4	25500001	28500000	0.0236	0.1217	0.0389	0.1812
Chr4	25800001	28800000	0.0242	0.1190	0.0415	0.1816
Chr4	26100001	29100000	0.0258	0.1078	0.0390	0.1696
Chr4	26400001	29400000	0.0239	0.1217	0.0378	0.1802
Chr4	26700001	29700000	0.0229	0.1276	0.0376	0.1845
Chr4	27000001	30000000	0.0241	0.1302	0.0388	0.1897
Chr4	27300001	30300000	0.0273	0.1454	0.0405	0.2090
Chr4	27600001	30600000	0.0303	0.1599	0.0408	0.2268
Chr4	27900001	30900000	0.0329	0.1569	0.0393	0.2250
Chr4	28200001	31200000	0.0370	0.1267	0.0346	0.1948
Chr4	28500001	31500000	0.0344	0.1343	0.0356	0.2011
Chr4	28800001	31800000	0.0334	0.1391	0.0330	0.2025
Chr4	29100001	32100000	0.0328	0.1374	0.0340	0.2013
Chr4	29400001	32400000	0.0328	0.1299	0.0348	0.1946
Chr4	29700001	32700000	0.0325	0.1200	0.0355	0.1855
Chr4	30000001	33000000	0.0302	0.1134	0.0356	0.1765
Chr4	30300001	33300000	0.0287	0.0951	0.0349	0.1569
Chr4	30600001	33600000	0.0251	0.0864	0.0339	0.1432
Chr4	30900001	33900000	0.0222	0.1058	0.0373	0.1631
Chr4	31200001	34200000	0.0196	0.1216	0.0396	0.1787
Chr4	31500001	34500000	0.0198	0.1134	0.0374	0.1680
Chr4	31800001	34800000	0.0205	0.1097	0.0401	0.1675
Chr4	32100001	35100000	0.0187	0.1088	0.0400	0.1648
Chr4	32400001	35400000	0.0226	0.1058	0.0396	0.1654
Chr4	32700001	35700000	0.0204	0.1166	0.0388	0.1730
Chr4	33000001	36000000	0.0210	0.1094	0.0383	0.1659
Chr4	33300001	36300000	0.0194	0.1130	0.0368	0.1666
Chr4	33600001	36600000	0.0187	0.1019	0.0365	0.1547
Chr4	33900001	36900000	0.0189	0.0956	0.0336	0.1456
Chr4	34200001	36912540	0.0186	0.0828	0.0326	0.1314
Chr5	1	3000000	0.0300	0.0886	0.0384	0.1547
Chr5	300001	3300000	0.0266	0.0801	0.0365	0.1408
Chr5	600001	3600000	0.0275	0.0800	0.0390	0.1437
Chr5	900001	3900000	0.0264	0.1003	0.0375	0.1618
Chr5	1200001	4200000	0.0275	0.1131	0.0396	0.1784
Chr5	1500001	4500000	0.0292	0.1435	0.0394	0.2104
Chr5	1800001	4800000	0.0263	0.1877	0.0365	0.2489
Chr5	2100001	5100000	0.0314	0.1909	0.0396	0.2603
Chr5	2400001	5400000	0.0326	0.2022	0.0451	0.2773
Chr5	2700001	5700000	0.0301	0.2066	0.0483	0.2822
Chr5	3000001	6000000	0.0310	0.2183	0.0525	0.2988
Chr5	3300001	6300000	0.0364	0.2311	0.0536	0.3182
Chr5	3600001	6600000	0.0408	0.2295	0.0546	0.3217
Chr5	3900001	6900000	0.0403	0.2080	0.0566	0.3016
Chr5	4200001	7200000	0.0463	0.1960	0.0535	0.2925
Chr5	4500001	7500000	0.0473	0.1794	0.0568	0.2804
Chr5	4800001	7800000	0.0579	0.1453	0.0596	0.2595
Chr5	5100001	8100000	0.0513	0.1674	0.0570	0.2725
Chr5	5400001	8400000	0.0606	0.1507	0.0533	0.2624
Chr5	5700001	8700000	0.0616	0.1902	0.0511	0.3000
Chr5	6000001	9000000	0.0627	0.2026	0.0507	0.3131
Chr5	6300001	9300000	0.0595	0.2125	0.0517	0.3204
Chr5	6600001	9600000	0.0608	0.2344	0.0506	0.3424
Chr5	6900001	9900000	0.0585	0.2839	0.0560	0.3937
Chr5	7200001	10200000	0.0543	0.3473	0.0652	0.4612
Chr5	7500001	10500000	0.0520	0.3907	0.0704	0.5056
Chr5	7800001	10800000	0.0417	0.4206	0.0813	0.5363
Chr5	8100001	11100000	0.0453	0.4146	0.0828	0.5354
Chr5	8400001	11400000	0.0468	0.4479	0.0817	0.5690
Chr5	8700001	11700000	0.0467	0.4547	0.0871	0.5814
Chr5	9000001	12000000	0.0446	0.4859	0.0849	0.6075
Chr5	9300001	12300000	0.0453	0.5230	0.0929	0.6530
Chr5	9600001	12600000	0.0385	0.5570	0.0959	0.6835
Chr5	9900001	12900000	0.0395	0.5552	0.0996	0.6873
Chr5	10200001	13200000	0.0392	0.5104	0.0939	0.6373
Chr5	10500001	13500000	0.0393	0.4783	0.0858	0.5991
Chr5	10800001	13800000	0.0409	0.4488	0.0749	0.5602
Chr5	11100001	14100000	0.0477	0.4529	0.0728	0.5692
Chr5	11400001	14400000	0.0387	0.4590	0.0751	0.5682
Chr5	11700001	14700000	0.0414	0.4312	0.0663	0.5350
Chr5	12000001	15000000	0.0441	0.3926	0.0735	0.5069
Chr5	12300001	15300000	0.0414	0.3425	0.0657	0.4467
Chr5	12600001	15600000	0.0451	0.3182	0.0639	0.4243
Chr5	12900001	15900000	0.0416	0.3295	0.0664	0.4338
Chr5	13200001	16200000	0.0435	0.3287	0.0636	0.4319
Chr5	13500001	16500000	0.0461	0.3229	0.0622	0.4272
Chr5	13800001	16800000	0.0465	0.3174	0.0596	0.4195
Chr5	14100001	17100000	0.0354	0.3064	0.0615	0.3992
Chr5	14400001	17400000	0.0323	0.2729	0.0611	0.3626
Chr5	14700001	17700000	0.0304	0.2677	0.0645	0.3588
Chr5	15000001	18000000	0.0275	0.2795	0.0572	0.3603
Chr5	15300001	18300000	0.0270	0.2981	0.0544	0.3758
Chr5	15600001	18600000	0.0273	0.2684	0.0527	0.3445
Chr5	15900001	18900000	0.0338	0.2190	0.0411	0.2913
Chr5	16200001	19200000	0.0318	0.2083	0.0434	0.2807
Chr5	16500001	19500000	0.0315	0.1938	0.0444	0.2666
Chr5	16800001	19800000	0.0350	0.1888	0.0438	0.2642
Chr5	17100001	20100000	0.0377	0.1775	0.0438	0.2553
Chr5	17400001	20400000	0.0393	0.1726	0.0441	0.2524
Chr5	17700001	20700000	0.0395	0.1634	0.0427	0.2420
Chr5	18000001	21000000	0.0400	0.1467	0.0433	0.2265
Chr5	18300001	21300000	0.0416	0.1295	0.0460	0.2139
Chr5	18600001	21600000	0.0388	0.1268	0.0471	0.2094
Chr5	18900001	21900000	0.0328	0.1194	0.0498	0.1991
Chr5	19200001	22200000	0.0327	0.1135	0.0471	0.1900
Chr5	19500001	22500000	0.0358	0.1175	0.0456	0.1959
Chr5	19800001	22800000	0.0337	0.1271	0.0474	0.2054
Chr5	20100001	23100000	0.0327	0.1346	0.0460	0.2107
Chr5	20400001	23400000	0.0312	0.1323	0.0428	0.2037
Chr5	20700001	23700000	0.0293	0.1262	0.0456	0.1976
Chr5	21000001	24000000	0.0316	0.1225	0.0468	0.1973
Chr5	21300001	24300000	0.0318	0.1130	0.0451	0.1863
Chr5	21600001	24600000	0.0318	0.1154	0.0430	0.1866
Chr5	21900001	24900000	0.0324	0.1224	0.0405	0.1918
Chr5	22200001	25200000	0.0287	0.1257	0.0427	0.1941
Chr5	22500001	25500000	0.0247	0.1193	0.0431	0.1841
Chr5	22800001	25800000	0.0250	0.1203	0.0419	0.1839
Chr5	23100001	26100000	0.0242	0.1216	0.0442	0.1865
Chr5	23400001	26400000	0.0232	0.1242	0.0456	0.1896
Chr5	23700001	26700000	0.0238	0.1360	0.0415	0.1988
Chr5	24000001	27000000	0.0268	0.1399	0.0380	0.2023
Chr5	24300001	27300000	0.0260	0.1526	0.0397	0.2151
Chr5	24600001	27600000	0.0259	0.1461	0.0393	0.2082
Chr5	24900001	27900000	0.0259	0.1444	0.0376	0.2045
Chr5	25200001	28200000	0.0280	0.1334	0.0350	0.1928
Chr5	25500001	28500000	0.0279	0.1283	0.0329	0.1855
Chr5	25800001	28800000	0.0258	0.1223	0.0318	0.1767
Chr5	26100001	29100000	0.0265	0.1155	0.0278	0.1670
Chr5	26400001	29400000	0.0309	0.1101	0.0274	0.1654
Chr5	26700001	29700000	0.0310	0.1036	0.0267	0.1584
Chr5	27000001	30000000	0.0257	0.1022	0.0302	0.1549
Chr5	27300001	30300000	0.0256	0.1011	0.0272	0.1515
Chr5	27600001	30600000	0.0267	0.1168	0.0353	0.1752
Chr5	27900001	30689756	0.0276	0.1195	0.0427	0.1844
Chr6	1	3000000	0.0218	0.1248	0.0390	0.1826
Chr6	300001	3300000	0.0242	0.1242	0.0367	0.1824
Chr6	600001	3600000	0.0311	0.1245	0.0354	0.1882
Chr6	900001	3900000	0.0317	0.1183	0.0346	0.1816
Chr6	1200001	4200000	0.0301	0.0882	0.0305	0.1460
Chr6	1500001	4500000	0.0328	0.0863	0.0364	0.1524
Chr6	1800001	4800000	0.0347	0.0933	0.0361	0.1613
Chr6	2100001	5100000	0.0351	0.0900	0.0432	0.1653
Chr6	2400001	5400000	0.0346	0.0902	0.0418	0.1636
Chr6	2700001	5700000	0.0318	0.0952	0.0427	0.1667
Chr6	3000001	6000000	0.0367	0.1009	0.0428	0.1777
Chr6	3300001	6300000	0.0353	0.1042	0.0426	0.1790
Chr6	3600001	6600000	0.0285	0.0957	0.0413	0.1623
Chr6	3900001	6900000	0.0260	0.0921	0.0447	0.1596
Chr6	4200001	7200000	0.0263	0.0919	0.0431	0.1584
Chr6	4500001	7500000	0.0244	0.1101	0.0391	0.1710
Chr6	4800001	7800000	0.0256	0.1011	0.0410	0.1648
Chr6	5100001	8100000	0.0281	0.1044	0.0370	0.1667
Chr6	5400001	8400000	0.0266	0.1143	0.0392	0.1768
Chr6	5700001	8700000	0.0259	0.1054	0.0414	0.1693
Chr6	6000001	9000000	0.0274	0.1096	0.0405	0.1742
Chr6	6300001	9300000	0.0287	0.1097	0.0425	0.1779
Chr6	6600001	9600000	0.0312	0.1272	0.0475	0.2029
Chr6	6900001	9900000	0.0365	0.1434	0.0443	0.2214
Chr6	7200001	10200000	0.0364	0.1631	0.0470	0.2438
Chr6	7500001	10500000	0.0388	0.1726	0.0470	0.2556
Chr6	7800001	10800000	0.0379	0.1952	0.0462	0.2768
Chr6	8100001	11100000	0.0435	0.2079	0.0444	0.2933
Chr6	8400001	11400000	0.0454	0.2102	0.0453	0.2987
Chr6	8700001	11700000	0.0485	0.2204	0.0474	0.3145
Chr6	9000001	12000000	0.0551	0.2144	0.0518	0.3184
Chr6	9300001	12300000	0.0577	0.2297	0.0491	0.3335
Chr6	9600001	12600000	0.0577	0.2449	0.0482	0.3479
Chr6	9900001	12900000	0.0540	0.2556	0.0500	0.3564
Chr6	10200001	13200000	0.0521	0.2658	0.0476	0.3624
Chr6	10500001	13500000	0.0542	0.2530	0.0487	0.3531
Chr6	10800001	13800000	0.0606	0.2462	0.0492	0.3533
Chr6	11100001	14100000	0.0513	0.2804	0.0545	0.3827
Chr6	11400001	14400000	0.0603	0.2963	0.0591	0.4121
Chr6	11700001	14700000	0.0578	0.3139	0.0602	0.4282
Chr6	12000001	15000000	0.0467	0.3517	0.0600	0.4550
Chr6	12300001	15300000	0.0496	0.3597	0.0676	0.4733
Chr6	12600001	15600000	0.0543	0.3855	0.0717	0.5064
Chr6	12900001	15900000	0.0510	0.4238	0.0730	0.5429
Chr6	13200001	16200000	0.0691	0.4292	0.0738	0.5673
Chr6	13500001	16500000	0.0656	0.4768	0.0836	0.6203
Chr6	13800001	16800000	0.0630	0.5050	0.0793	0.6415
Chr6	14100001	17100000	0.0656	0.5054	0.0799	0.6457
Chr6	14400001	17400000	0.0563	0.5342	0.0725	0.6583
Chr6	14700001	17700000	0.0589	0.5303	0.0680	0.6522
Chr6	15000001	18000000	0.0577	0.5017	0.0695	0.6247
Chr6	15300001	18300000	0.0510	0.4910	0.0650	0.6024
Chr6	15600001	18600000	0.0503	0.4509	0.0612	0.5594
Chr6	15900001	18900000	0.0596	0.4005	0.0594	0.5158
Chr6	16200001	19200000	0.0438	0.3961	0.0566	0.4929
Chr6	16500001	19500000	0.0411	0.3843	0.0467	0.4692
Chr6	16800001	19800000	0.0399	0.3825	0.0561	0.4747
Chr6	17100001	20100000	0.0379	0.3654	0.0510	0.4506
Chr6	17400001	20400000	0.0357	0.3303	0.0508	0.4125
Chr6	17700001	20700000	0.0313	0.3105	0.0517	0.3891
Chr6	18000001	21000000	0.0309	0.3152	0.0490	0.3904
Chr6	18300001	21300000	0.0326	0.3138	0.0475	0.3897
Chr6	18600001	21600000	0.0320	0.3122	0.0465	0.3863
Chr6	18900001	21900000	0.0241	0.3152	0.0469	0.3823
Chr6	19200001	22200000	0.0242	0.2977	0.0491	0.3667
Chr6	19500001	22500000	0.0288	0.2539	0.0519	0.3299
Chr6	19800001	22800000	0.0271	0.2334	0.0438	0.3008
Chr6	20100001	23100000	0.0324	0.2078	0.0447	0.2811
Chr6	20400001	23400000	0.0335	0.2231	0.0441	0.2978
Chr6	20700001	23700000	0.0337	0.2370	0.0420	0.3100
Chr6	21000001	24000000	0.0330	0.2245	0.0399	0.2950
Chr6	21300001	24300000	0.0356	0.2195	0.0419	0.2944
Chr6	21600001	24600000	0.0359	0.2106	0.0419	0.2860
Chr6	21900001	24900000	0.0352	0.2092	0.0405	0.2823
Chr6	22200001	25200000	0.0347	0.1899	0.0397	0.2620
Chr6	22500001	25500000	0.0323	0.1992	0.0352	0.2646
Chr6	22800001	25800000	0.0380	0.1801	0.0382	0.2541
Chr6	23100001	26100000	0.0364	0.1803	0.0428	0.2569
Chr6	23400001	26400000	0.0430	0.1589	0.0438	0.2425
Chr6	23700001	26700000	0.0422	0.1544	0.0452	0.2386
Chr6	24000001	27000000	0.0446	0.1629	0.0452	0.2496
Chr6	24300001	27300000	0.0417	0.1470	0.0441	0.2298
Chr6	24600001	27600000	0.0376	0.1421	0.0450	0.2218
Chr6	24900001	27900000	0.0385	0.1357	0.0472	0.2184
Chr6	25200001	28200000	0.0371	0.1482	0.0462	0.2284
Chr6	25500001	28500000	0.0382	0.1410	0.0472	0.2230
Chr6	25800001	28800000	0.0296	0.1438	0.0453	0.2153
Chr6	26100001	29100000	0.0270	0.1417	0.0390	0.2047
Chr6	26400001	29400000	0.0195	0.1338	0.0387	0.1894
Chr6	26700001	29700000	0.0257	0.1101	0.0427	0.1757
Chr6	27000001	30000000	0.0234	0.1084	0.0405	0.1694
Chr6	27300001	30300000	0.0219	0.1078	0.0400	0.1668
Chr6	27600001	30600000	0.0254	0.1160	0.0379	0.1759
Chr6	27900001	30900000	0.0259	0.1227	0.0356	0.1811
Chr6	28200001	31200000	0.0277	0.1095	0.0354	0.1695
Chr6	28500001	31500000	0.0265	0.1088	0.0330	0.1655
Chr6	28800001	31800000	0.0291	0.1175	0.0332	0.1769
Chr6	29100001	31806780	0.0306	0.1199	0.0336	0.1811
Chr7	1	3000000	0.0312	0.1245	0.0523	0.2054
Chr7	300001	3300000	0.0326	0.1097	0.0510	0.1908
Chr7	600001	3600000	0.0295	0.1096	0.0473	0.1838
Chr7	900001	3900000	0.0291	0.1097	0.0474	0.1833
Chr7	1200001	4200000	0.0253	0.1165	0.0492	0.1879
Chr7	1500001	4500000	0.0313	0.1216	0.0482	0.1980
Chr7	1800001	4800000	0.0280	0.1145	0.0453	0.1851
Chr7	2100001	5100000	0.0281	0.1063	0.0490	0.1806
Chr7	2400001	5400000	0.0255	0.1132	0.0510	0.1865
Chr7	2700001	5700000	0.0209	0.1264	0.0482	0.1928
Chr7	3000001	6000000	0.0238	0.1066	0.0483	0.1761
Chr7	3300001	6300000	0.0283	0.1224	0.0484	0.1964
Chr7	3600001	6600000	0.0314	0.1397	0.0513	0.2199
Chr7	3900001	6900000	0.0393	0.1550	0.0488	0.2410
Chr7	4200001	7200000	0.0475	0.1530	0.0488	0.2473
Chr7	4500001	7500000	0.0433	0.1644	0.0489	0.2547
Chr7	4800001	7800000	0.0477	0.1871	0.0550	0.2879
Chr7	5100001	8100000	0.0485	0.2206	0.0531	0.3202
Chr7	5400001	8400000	0.0519	0.2397	0.0490	0.3386
Chr7	5700001	8700000	0.0539	0.2438	0.0500	0.3456
Chr7	6000001	9000000	0.0578	0.2630	0.0505	0.3690
Chr7	6300001	9300000	0.0560	0.2772	0.0516	0.3823
Chr7	6600001	9600000	0.0581	0.2857	0.0546	0.3961
Chr7	6900001	9900000	0.0532	0.3227	0.0570	0.4295
Chr7	7200001	10200000	0.0533	0.3613	0.0568	0.4676
Chr7	7500001	10500000	0.0621	0.3529	0.0593	0.4700
Chr7	7800001	10800000	0.0567	0.3865	0.0580	0.4945
Chr7	8100001	11100000	0.0561	0.4032	0.0574	0.5104
Chr7	8400001	11400000	0.0561	0.4212	0.0588	0.5298
Chr7	8700001	11700000	0.0620	0.4440	0.0568	0.5565
Chr7	9000001	12000000	0.0546	0.4544	0.0571	0.5595
Chr7	9300001	12300000	0.0618	0.4619	0.0553	0.5727
Chr7	9600001	12600000	0.0617	0.4752	0.0550	0.5855
Chr7	9900001	12900000	0.0589	0.4971	0.0527	0.6034
Chr7	10200001	13200000	0.0526	0.4970	0.0534	0.5983
Chr7	10500001	13500000	0.0481	0.5111	0.0508	0.6056
Chr7	10800001	13800000	0.0586	0.4668	0.0444	0.5681
Chr7	11100001	14100000	0.0593	0.4367	0.0438	0.5376
Chr7	11400001	14400000	0.0616	0.4435	0.0487	0.5507
Chr7	11700001	14700000	0.0577	0.4177	0.0488	0.5210
Chr7	12000001	15000000	0.0577	0.4479	0.0507	0.5531
Chr7	12300001	15300000	0.0533	0.4499	0.0523	0.5516
Chr7	12600001	15600000	0.0495	0.4155	0.0475	0.5083
Chr7	12900001	15900000	0.0523	0.3788	0.0512	0.4781
Chr7	13200001	16200000	0.0573	0.3631	0.0502	0.4653
Chr7	13500001	16500000	0.0512	0.3773	0.0564	0.4790
Chr7	13800001	16800000	0.0506	0.4073	0.0593	0.5097
Chr7	14100001	17100000	0.0516	0.4257	0.0603	0.5306
Chr7	14400001	17400000	0.0496	0.3903	0.0568	0.4904
Chr7	14700001	17700000	0.0512	0.3888	0.0629	0.4962
Chr7	15000001	18000000	0.0564	0.3489	0.0681	0.4668
Chr7	15300001	18300000	0.0581	0.3221	0.0661	0.4403
Chr7	15600001	18600000	0.0589	0.3116	0.0663	0.4312
Chr7	15900001	18900000	0.0576	0.2861	0.0685	0.4056
Chr7	16200001	19200000	0.0528	0.2640	0.0685	0.3785
Chr7	16500001	19500000	0.0541	0.2304	0.0621	0.3407
Chr7	16800001	19800000	0.0493	0.2003	0.0595	0.3044
Chr7	17100001	20100000	0.0478	0.1666	0.0571	0.2666
Chr7	17400001	20400000	0.0472	0.1652	0.0572	0.2644
Chr7	17700001	20700000	0.0421	0.1580	0.0513	0.2465
Chr7	18000001	21000000	0.0406	0.1543	0.0406	0.2309
Chr7	18300001	21300000	0.0350	0.1465	0.0416	0.2183
Chr7	18600001	21600000	0.0344	0.1467	0.0428	0.2192
Chr7	18900001	21900000	0.0361	0.1471	0.0404	0.2191
Chr7	19200001	22200000	0.0358	0.1484	0.0433	0.2237
Chr7	19500001	22500000	0.0348	0.1479	0.0436	0.2222
Chr7	19800001	22800000	0.0304	0.1408	0.0439	0.2111
Chr7	20100001	23100000	0.0308	0.1452	0.0448	0.2170
Chr7	20400001	23400000	0.0330	0.1368	0.0427	0.2094
Chr7	20700001	23700000	0.0317	0.1460	0.0433	0.2180
Chr7	21000001	24000000	0.0305	0.1408	0.0432	0.2117
Chr7	21300001	24300000	0.0354	0.1386	0.0421	0.2134
Chr7	21600001	24600000	0.0358	0.1280	0.0407	0.2018
Chr7	21900001	24900000	0.0337	0.1214	0.0398	0.1922
Chr7	22200001	25200000	0.0313	0.1214	0.0346	0.1852
Chr7	22500001	25500000	0.0355	0.1207	0.0360	0.1901
Chr7	22800001	25800000	0.0382	0.1340	0.0343	0.2045
Chr7	23100001	26100000	0.0369	0.1336	0.0328	0.2014
Chr7	23400001	26400000	0.0347	0.1354	0.0319	0.2000
Chr7	23700001	26700000	0.0350	0.1244	0.0310	0.1883
Chr7	24000001	27000000	0.0337	0.1281	0.0325	0.1923
Chr7	24300001	27300000	0.0284	0.1358	0.0334	0.1953
Chr7	24600001	27600000	0.0286	0.1366	0.0319	0.1949
Chr7	24900001	27900000	0.0289	0.1312	0.0291	0.1874
Chr7	25200001	28200000	0.0313	0.1644	0.0330	0.2266
Chr7	25500001	28500000	0.0262	0.1546	0.0314	0.2101
Chr7	25800001	28800000	0.0257	0.1345	0.0320	0.1896
Chr7	26100001	29100000	0.0265	0.1254	0.0327	0.1818
Chr7	26400001	29400000	0.0252	0.1382	0.0343	0.1951
Chr7	26700001	29700000	0.0277	0.1405	0.0341	0.1994
Chr7	27000001	30000000	0.0273	0.1243	0.0347	0.1831
Chr7	27300001	30300000	0.0267	0.1196	0.0355	0.1787
Chr7	27600001	30503912	0.0254	0.1335	0.0397	0.1956
Chr8	1	3000000	0.0257	0.1803	0.0367	0.2392
Chr8	300001	3300000	0.0267	0.1840	0.0389	0.2458
Chr8	600001	3600000	0.0272	0.1719	0.0376	0.2332
Chr8	900001	3900000	0.0261	0.1755	0.0396	0.2378
Chr8	1200001	4200000	0.0284	0.1743	0.0411	0.2403
Chr8	1500001	4500000	0.0331	0.1761	0.0370	0.2429
Chr8	1800001	4800000	0.0347	0.1699	0.0352	0.2365
Chr8	2100001	5100000	0.0341	0.1668	0.0343	0.2317
Chr8	2400001	5400000	0.0388	0.1565	0.0365	0.2281
Chr8	2700001	5700000	0.0445	0.1427	0.0355	0.2191
Chr8	3000001	6000000	0.0421	0.1497	0.0315	0.2212
Chr8	3300001	6300000	0.0463	0.1307	0.0313	0.2061
Chr8	3600001	6600000	0.0464	0.1725	0.0361	0.2529
Chr8	3900001	6900000	0.0480	0.1861	0.0371	0.2691
Chr8	4200001	7200000	0.0455	0.2216	0.0392	0.3044
Chr8	4500001	7500000	0.0390	0.2670	0.0401	0.3441
Chr8	4800001	7800000	0.0325	0.3248	0.0470	0.4004
Chr8	5100001	8100000	0.0326	0.3692	0.0490	0.4469
Chr8	5400001	8400000	0.0271	0.3716	0.0528	0.4477
Chr8	5700001	8700000	0.0238	0.3894	0.0527	0.4614
Chr8	6000001	9000000	0.0226	0.3644	0.0618	0.4442
Chr8	6300001	9300000	0.0189	0.3708	0.0615	0.4462
Chr8	6600001	9600000	0.0180	0.3341	0.0580	0.4047
Chr8	6900001	9900000	0.0186	0.3369	0.0601	0.4101
Chr8	7200001	10200000	0.0223	0.3228	0.0599	0.3987
Chr8	7500001	10500000	0.0279	0.2902	0.0606	0.3721
Chr8	7800001	10800000	0.0339	0.2468	0.0593	0.3343
Chr8	8100001	11100000	0.0367	0.2318	0.0627	0.3252
Chr8	8400001	11400000	0.0446	0.2303	0.0561	0.3252
Chr8	8700001	11700000	0.0427	0.2497	0.0589	0.3458
Chr8	9000001	12000000	0.0477	0.2658	0.0555	0.3637
Chr8	9300001	12300000	0.0496	0.2922	0.0536	0.3910
Chr8	9600001	12600000	0.0484	0.3326	0.0558	0.4326
Chr8	9900001	12900000	0.0446	0.3513	0.0519	0.4437
Chr8	10200001	13200000	0.0405	0.4084	0.0494	0.4952
Chr8	10500001	13500000	0.0351	0.4385	0.0509	0.5219
Chr8	10800001	13800000	0.0289	0.4840	0.0486	0.5600
Chr8	11100001	14100000	0.0272	0.5080	0.0515	0.5844
Chr8	11400001	14400000	0.0174	0.5711	0.0557	0.6416
Chr8	11700001	14700000	0.0191	0.6013	0.0535	0.6717
Chr8	12000001	15000000	0.0159	0.6195	0.0488	0.6820
Chr8	12300001	15300000	0.0142	0.6438	0.0481	0.7039
Chr8	12600001	15600000	0.0180	0.6310	0.0491	0.6961
Chr8	12900001	15900000	0.0212	0.6262	0.0503	0.6952
Chr8	13200001	16200000	0.0248	0.5538	0.0522	0.6283
Chr8	13500001	16500000	0.0313	0.5231	0.0504	0.6022
Chr8	13800001	16800000	0.0366	0.4566	0.0512	0.5418
Chr8	14100001	17100000	0.0442	0.4249	0.0454	0.5124
Chr8	14400001	17400000	0.0510	0.3723	0.0469	0.4675
Chr8	14700001	17700000	0.0567	0.3213	0.0475	0.4228
Chr8	15000001	18000000	0.0576	0.3082	0.0539	0.4158
Chr8	15300001	18300000	0.0575	0.2904	0.0571	0.4005
Chr8	15600001	18600000	0.0608	0.2772	0.0536	0.3869
Chr8	15900001	18900000	0.0629	0.2764	0.0536	0.3888
Chr8	16200001	19200000	0.0639	0.3018	0.0510	0.4125
Chr8	16500001	19500000	0.0616	0.2888	0.0528	0.3991
Chr8	16800001	19800000	0.0596	0.3110	0.0518	0.4181
Chr8	17100001	20100000	0.0577	0.3044	0.0511	0.4092
Chr8	17400001	20400000	0.0633	0.2965	0.0468	0.4034
Chr8	17700001	20700000	0.0608	0.2842	0.0497	0.3908
Chr8	18000001	21000000	0.0615	0.2638	0.0453	0.3677
Chr8	18300001	21300000	0.0654	0.2290	0.0451	0.3370
Chr8	18600001	21600000	0.0590	0.2095	0.0478	0.3131
Chr8	18900001	21900000	0.0576	0.1870	0.0459	0.2870
Chr8	19200001	22200000	0.0537	0.1568	0.0481	0.2552
Chr8	19500001	22500000	0.0564	0.1591	0.0478	0.2599
Chr8	19800001	22800000	0.0555	0.1363	0.0471	0.2355
Chr8	20100001	23100000	0.0502	0.1327	0.0511	0.2303
Chr8	20400001	23400000	0.0464	0.1196	0.0513	0.2133
Chr8	20700001	23700000	0.0408	0.1406	0.0478	0.2258
Chr8	21000001	24000000	0.0378	0.1384	0.0474	0.2204
Chr8	21300001	24300000	0.0380	0.1338	0.0469	0.2150
Chr8	21600001	24600000	0.0395	0.1492	0.0453	0.2311
Chr8	21900001	24900000	0.0451	0.1485	0.0456	0.2364
Chr8	22200001	25200000	0.0452	0.1629	0.0430	0.2482
Chr8	22500001	25500000	0.0389	0.1598	0.0437	0.2396
Chr8	22800001	25800000	0.0396	0.1597	0.0423	0.2389
Chr8	23100001	26100000	0.0387	0.1496	0.0398	0.2254
Chr8	23400001	26400000	0.0352	0.1469	0.0394	0.2191
Chr8	23700001	26700000	0.0372	0.1197	0.0384	0.1929
Chr8	24000001	27000000	0.0369	0.1238	0.0409	0.1988
Chr8	24300001	27300000	0.0320	0.1252	0.0413	0.1962
Chr8	24600001	27600000	0.0409	0.1197	0.0391	0.1975
Chr8	24900001	27900000	0.0323	0.1100	0.0384	0.1786
Chr8	25200001	28200000	0.0327	0.0916	0.0390	0.1609
Chr8	25500001	28500000	0.0344	0.0906	0.0364	0.1588
Chr8	25800001	28800000	0.0329	0.0859	0.0361	0.1524
Chr8	26100001	29100000	0.0341	0.0837	0.0344	0.1499
Chr8	26400001	29400000	0.0305	0.0805	0.0355	0.1438
Chr8	26700001	29700000	0.0295	0.0859	0.0377	0.1506
Chr8	27000001	30000000	0.0271	0.0824	0.0346	0.1418
Chr8	27300001	30240396	0.0281	0.1004	0.0434	0.1697
Chr9	1	3000000	0.0551	0.3722	0.0653	0.4904
Chr9	300001	3300000	0.0569	0.3380	0.0638	0.4563
Chr9	600001	3600000	0.0617	0.3226	0.0658	0.4476
Chr9	900001	3900000	0.0622	0.3202	0.0633	0.4432
Chr9	1200001	4200000	0.0682	0.3342	0.0611	0.4615
Chr9	1500001	4500000	0.0627	0.3383	0.0614	0.4603
Chr9	1800001	4800000	0.0592	0.3229	0.0599	0.4398
Chr9	2100001	5100000	0.0560	0.3158	0.0607	0.4304
Chr9	2400001	5400000	0.0571	0.3253	0.0547	0.4354
Chr9	2700001	5700000	0.0616	0.3247	0.0505	0.4345
Chr9	3000001	6000000	0.0600	0.2765	0.0539	0.3877
Chr9	3300001	6300000	0.0587	0.2625	0.0476	0.3667
Chr9	3600001	6600000	0.0559	0.2502	0.0428	0.3468
Chr9	3900001	6900000	0.0561	0.2484	0.0412	0.3439
Chr9	4200001	7200000	0.0483	0.2373	0.0446	0.3282
Chr9	4500001	7500000	0.0482	0.2560	0.0496	0.3511
Chr9	4800001	7800000	0.0509	0.2457	0.0578	0.3519
Chr9	5100001	8100000	0.0538	0.2446	0.0558	0.3516
Chr9	5400001	8400000	0.0448	0.2580	0.0614	0.3610
Chr9	5700001	8700000	0.0426	0.2444	0.0609	0.3442
Chr9	6000001	9000000	0.0535	0.2578	0.0563	0.3642
Chr9	6300001	9300000	0.0641	0.2518	0.0575	0.3691
Chr9	6600001	9600000	0.0588	0.2421	0.0611	0.3572
Chr9	6900001	9900000	0.0560	0.2432	0.0686	0.3624
Chr9	7200001	10200000	0.0641	0.2520	0.0645	0.3752
Chr9	7500001	10500000	0.0645	0.2308	0.0604	0.3510
Chr9	7800001	10800000	0.0633	0.2358	0.0579	0.3522
Chr9	8100001	11100000	0.0608	0.2212	0.0602	0.3373
Chr9	8400001	11400000	0.0626	0.1869	0.0549	0.2999
Chr9	8700001	11700000	0.0599	0.1716	0.0569	0.2850
Chr9	9000001	12000000	0.0474	0.1556	0.0567	0.2565
Chr9	9300001	12300000	0.0433	0.1503	0.0595	0.2504
Chr9	9600001	12600000	0.0473	0.1588	0.0559	0.2600
Chr9	9900001	12900000	0.0521	0.1685	0.0562	0.2751
Chr9	10200001	13200000	0.0404	0.1809	0.0698	0.2889
Chr9	10500001	13500000	0.0348	0.1777	0.0789	0.2889
Chr9	10800001	13800000	0.0347	0.1630	0.0750	0.2702
Chr9	11100001	14100000	0.0353	0.1686	0.0739	0.2753
Chr9	11400001	14400000	0.0342	0.1651	0.0723	0.2691
Chr9	11700001	14700000	0.0333	0.1639	0.0720	0.2666
Chr9	12000001	15000000	0.0329	0.1671	0.0723	0.2697
Chr9	12300001	15300000	0.0270	0.1645	0.0692	0.2585
Chr9	12600001	15600000	0.0243	0.1560	0.0704	0.2478
Chr9	12900001	15900000	0.0189	0.1321	0.0641	0.2121
Chr9	13200001	16200000	0.0212	0.1110	0.0499	0.1798
Chr9	13500001	16500000	0.0213	0.1162	0.0445	0.1799
Chr9	13800001	16800000	0.0202	0.1240	0.0420	0.1841
Chr9	14100001	17100000	0.0202	0.1126	0.0413	0.1720
Chr9	14400001	17400000	0.0198	0.1223	0.0410	0.1808
Chr9	14700001	17700000	0.0225	0.1286	0.0395	0.1882
Chr9	15000001	18000000	0.0219	0.1230	0.0398	0.1824
Chr9	15300001	18300000	0.0230	0.1186	0.0421	0.1810
Chr9	15600001	18600000	0.0201	0.1339	0.0461	0.1977
Chr9	15900001	18900000	0.0192	0.1323	0.0472	0.1961
Chr9	16200001	19200000	0.0179	0.1210	0.0470	0.1833
Chr9	16500001	19500000	0.0183	0.1057	0.0439	0.1647
Chr9	16800001	19800000	0.0175	0.1190	0.0415	0.1749
Chr9	17100001	20100000	0.0155	0.1248	0.0416	0.1790
Chr9	17400001	20400000	0.0152	0.1107	0.0435	0.1663
Chr9	17700001	20700000	0.0138	0.1059	0.0434	0.1602
Chr9	18000001	21000000	0.0150	0.0991	0.0472	0.1583
Chr9	18300001	21300000	0.0167	0.1001	0.0439	0.1579
Chr9	18600001	21600000	0.0182	0.0843	0.0385	0.1382
Chr9	18900001	21900000	0.0177	0.1038	0.0353	0.1544
Chr9	19200001	22200000	0.0199	0.1072	0.0352	0.1599
Chr9	19500001	22500000	0.0219	0.1087	0.0338	0.1626
Chr9	19800001	22800000	0.0221	0.0879	0.0357	0.1439
Chr9	20100001	23029981	0.0243	0.1043	0.0346	0.1611
Chr10	1	3000000	0.0512	0.2304	0.0766	0.3535
Chr10	300001	3300000	0.0545	0.2068	0.0790	0.3354
Chr10	600001	3600000	0.0502	0.2190	0.0827	0.3474
Chr10	900001	3900000	0.0470	0.2536	0.0772	0.3733
Chr10	1200001	4200000	0.0452	0.2339	0.0639	0.3387
Chr10	1500001	4500000	0.0424	0.2335	0.0634	0.3348
Chr10	1800001	4800000	0.0458	0.2325	0.0654	0.3385
Chr10	2100001	5100000	0.0483	0.2480	0.0619	0.3529
Chr10	2400001	5400000	0.0435	0.2552	0.0575	0.3514
Chr10	2700001	5700000	0.0525	0.2667	0.0600	0.3744
Chr10	3000001	6000000	0.0537	0.2768	0.0610	0.3865
Chr10	3300001	6300000	0.0572	0.2835	0.0595	0.3960
Chr10	3600001	6600000	0.0583	0.2716	0.0546	0.3803
Chr10	3900001	6900000	0.0604	0.2380	0.0596	0.3543
Chr10	4200001	7200000	0.0601	0.2624	0.0577	0.3772
Chr10	4500001	7500000	0.0591	0.2845	0.0598	0.4001
Chr10	4800001	7800000	0.0594	0.3013	0.0588	0.4166
Chr10	5100001	8100000	0.0624	0.3056	0.0641	0.4294
Chr10	5400001	8400000	0.0584	0.3589	0.0628	0.4776
Chr10	5700001	8700000	0.0520	0.3943	0.0596	0.5030
Chr10	6000001	9000000	0.0485	0.4369	0.0531	0.5360
Chr10	6300001	9300000	0.0413	0.4737	0.0524	0.5649
Chr10	6600001	9600000	0.0375	0.5193	0.0491	0.6036
Chr10	6900001	9900000	0.0352	0.5195	0.0477	0.5986
Chr10	7200001	10200000	0.0363	0.5067	0.0487	0.5877
Chr10	7500001	10500000	0.0377	0.5465	0.0460	0.6264
Chr10	7800001	10800000	0.0322	0.5874	0.0433	0.6592
Chr10	8100001	11100000	0.0290	0.6127	0.0388	0.6761
Chr10	8400001	11400000	0.0386	0.5488	0.0383	0.6209
Chr10	8700001	11700000	0.0372	0.5211	0.0382	0.5924
Chr10	9000001	12000000	0.0380	0.4812	0.0434	0.5575
Chr10	9300001	12300000	0.0412	0.4484	0.0437	0.5282
Chr10	9600001	12600000	0.0447	0.4193	0.0495	0.5083
Chr10	9900001	12900000	0.0476	0.4107	0.0505	0.5049
Chr10	10200001	13200000	0.0516	0.3991	0.0515	0.4983
Chr10	10500001	13500000	0.0508	0.3390	0.0532	0.4389
Chr10	10800001	13800000	0.0518	0.2787	0.0543	0.3807
Chr10	11100001	14100000	0.0503	0.2742	0.0579	0.3775
Chr10	11400001	14400000	0.0440	0.3173	0.0584	0.4145
Chr10	11700001	14700000	0.0454	0.2987	0.0579	0.3966
Chr10	12000001	15000000	0.0420	0.2899	0.0542	0.3816
Chr10	12300001	15300000	0.0462	0.2736	0.0575	0.3725
Chr10	12600001	15600000	0.0427	0.2408	0.0547	0.3332
Chr10	12900001	15900000	0.0468	0.2331	0.0522	0.3273
Chr10	13200001	16200000	0.0394	0.2183	0.0534	0.3059
Chr10	13500001	16500000	0.0395	0.2142	0.0517	0.3007
Chr10	13800001	16800000	0.0380	0.2188	0.0560	0.3070
Chr10	14100001	17100000	0.0425	0.1798	0.0525	0.2697
Chr10	14400001	17400000	0.0400	0.1543	0.0505	0.2402
Chr10	14700001	17700000	0.0382	0.1474	0.0521	0.2333
Chr10	15000001	18000000	0.0421	0.1437	0.0517	0.2331
Chr10	15300001	18300000	0.0364	0.1482	0.0490	0.2291
Chr10	15600001	18600000	0.0362	0.1565	0.0477	0.2357
Chr10	15900001	18900000	0.0295	0.1608	0.0460	0.2317
Chr10	16200001	19200000	0.0314	0.1622	0.0463	0.2355
Chr10	16500001	19500000	0.0342	0.1765	0.0468	0.2525
Chr10	16800001	19800000	0.0320	0.1567	0.0438	0.2286
Chr10	17100001	20100000	0.0312	0.1592	0.0413	0.2285
Chr10	17400001	20400000	0.0341	0.1459	0.0392	0.2160
Chr10	17700001	20700000	0.0358	0.1410	0.0366	0.2102
Chr10	18000001	21000000	0.0291	0.1424	0.0393	0.2076
Chr10	18300001	21300000	0.0275	0.1256	0.0395	0.1897
Chr10	18600001	21600000	0.0282	0.1231	0.0391	0.1876
Chr10	18900001	21900000	0.0293	0.1123	0.0402	0.1787
Chr10	19200001	22200000	0.0288	0.1150	0.0380	0.1792
Chr10	19500001	22500000	0.0287	0.1131	0.0395	0.1791
Chr10	19800001	22800000	0.0309	0.1220	0.0377	0.1885
Chr10	20100001	23100000	0.0265	0.1205	0.0358	0.1805
Chr10	20400001	23400000	0.0239	0.1081	0.0382	0.1680
Chr10	20700001	23700000	0.0203	0.1269	0.0359	0.1811
Chr10	21000001	24000000	0.0220	0.1198	0.0342	0.1740
Chr10	21300001	24300000	0.0234	0.1194	0.0321	0.1728
Chr10	21600001	24600000	0.0276	0.1149	0.0321	0.1725
Chr10	21900001	24900000	0.0262	0.1274	0.0331	0.1845
Chr10	22200001	25200000	0.0250	0.1271	0.0330	0.1828
Chr10	22500001	25287139	0.0211	0.1174	0.0288	0.1650
Chr11	1	3000000	0.0374	0.0932	0.0399	0.1686
Chr11	300001	3300000	0.0381	0.1003	0.0370	0.1737
Chr11	600001	3600000	0.0401	0.0940	0.0403	0.1721
Chr11	900001	3900000	0.0394	0.0955	0.0411	0.1732
Chr11	1200001	4200000	0.0369	0.1072	0.0414	0.1829
Chr11	1500001	4500000	0.0371	0.1120	0.0444	0.1911
Chr11	1800001	4800000	0.0351	0.1069	0.0473	0.1870
Chr11	2100001	5100000	0.0319	0.1136	0.0483	0.1915
Chr11	2400001	5400000	0.0368	0.1272	0.0469	0.2088
Chr11	2700001	5700000	0.0416	0.1475	0.0490	0.2362
Chr11	3000001	6000000	0.0473	0.1527	0.0489	0.2467
Chr11	3300001	6300000	0.0459	0.1504	0.0528	0.2466
Chr11	3600001	6600000	0.0460	0.1584	0.0510	0.2531
Chr11	3900001	6900000	0.0491	0.1806	0.0488	0.2766
Chr11	4200001	7200000	0.0500	0.1839	0.0501	0.2819
Chr11	4500001	7500000	0.0467	0.2202	0.0511	0.3155
Chr11	4800001	7800000	0.0486	0.2351	0.0489	0.3302
Chr11	5100001	8100000	0.0518	0.2243	0.0487	0.3224
Chr11	5400001	8400000	0.0460	0.2227	0.0481	0.3143
Chr11	5700001	8700000	0.0436	0.2030	0.0442	0.2880
Chr11	6000001	9000000	0.0405	0.2214	0.0454	0.3044
Chr11	6300001	9300000	0.0383	0.2648	0.0467	0.3456
Chr11	6600001	9600000	0.0363	0.2730	0.0521	0.3564
Chr11	6900001	9900000	0.0356	0.2861	0.0581	0.3745
Chr11	7200001	10200000	0.0289	0.2726	0.0616	0.3574
Chr11	7500001	10500000	0.0326	0.2414	0.0583	0.3271
Chr11	7800001	10800000	0.0293	0.2574	0.0680	0.3487
Chr11	8100001	11100000	0.0288	0.2788	0.0675	0.3693
Chr11	8400001	11400000	0.0338	0.2786	0.0668	0.3734
Chr11	8700001	11700000	0.0343	0.3062	0.0679	0.4025
Chr11	9000001	12000000	0.0326	0.3165	0.0671	0.4104
Chr11	9300001	12300000	0.0334	0.2982	0.0651	0.3921
Chr11	9600001	12600000	0.0352	0.2970	0.0597	0.3882
Chr11	9900001	12900000	0.0345	0.2954	0.0528	0.3794
Chr11	10200001	13200000	0.0357	0.3244	0.0598	0.4149
Chr11	10500001	13500000	0.0371	0.3489	0.0655	0.4464
Chr11	10800001	13800000	0.0379	0.3471	0.0573	0.4380
Chr11	11100001	14100000	0.0340	0.3780	0.0549	0.4626
Chr11	11400001	14400000	0.0287	0.4303	0.0574	0.5118
Chr11	11700001	14700000	0.0240	0.4795	0.0561	0.5554
Chr11	12000001	15000000	0.0217	0.5110	0.0627	0.5910
Chr11	12300001	15300000	0.0221	0.5382	0.0599	0.6163
Chr11	12600001	15600000	0.0184	0.5854	0.0605	0.6604
Chr11	12900001	15900000	0.0190	0.6118	0.0656	0.6923
Chr11	13200001	16200000	0.0176	0.6010	0.0556	0.6723
Chr11	13500001	16500000	0.0261	0.5722	0.0512	0.6474
Chr11	13800001	16800000	0.0237	0.5735	0.0511	0.6462
Chr11	14100001	17100000	0.0240	0.5709	0.0581	0.6508
Chr11	14400001	17400000	0.0263	0.5597	0.0549	0.6392
Chr11	14700001	17700000	0.0315	0.5228	0.0553	0.6078
Chr11	15000001	18000000	0.0327	0.4853	0.0526	0.5693
Chr11	15300001	18300000	0.0315	0.5003	0.0567	0.5861
Chr11	15600001	18600000	0.0359	0.4519	0.0558	0.5405
Chr11	15900001	18900000	0.0332	0.4197	0.0542	0.5037
Chr11	16200001	19200000	0.0363	0.4244	0.0536	0.5107
Chr11	16500001	19500000	0.0293	0.4278	0.0533	0.5069
Chr11	16800001	19800000	0.0382	0.4189	0.0528	0.5062
Chr11	17100001	20100000	0.0417	0.4079	0.0481	0.4940
Chr11	17400001	20400000	0.0413	0.3690	0.0483	0.4547
Chr11	17700001	20700000	0.0462	0.3421	0.0482	0.4325
Chr11	18000001	21000000	0.0512	0.3359	0.0431	0.4263
Chr11	18300001	21300000	0.0558	0.2775	0.0422	0.3727
Chr11	18600001	21600000	0.0570	0.2859	0.0413	0.3820
Chr11	18900001	21900000	0.0560	0.2765	0.0382	0.3688
Chr11	19200001	22200000	0.0639	0.2346	0.0366	0.3333
Chr11	19500001	22500000	0.0617	0.2339	0.0387	0.3322
Chr11	19800001	22800000	0.0536	0.2407	0.0379	0.3303
Chr11	20100001	23100000	0.0520	0.2139	0.0404	0.3041
Chr11	20400001	23400000	0.0528	0.2173	0.0400	0.3082
Chr11	20700001	23700000	0.0463	0.2112	0.0404	0.2957
Chr11	21000001	24000000	0.0417	0.2011	0.0412	0.2821
Chr11	21300001	24300000	0.0385	0.1922	0.0396	0.2681
Chr11	21600001	24600000	0.0407	0.1836	0.0401	0.2624
Chr11	21900001	24900000	0.0468	0.1754	0.0428	0.2629
Chr11	22200001	25200000	0.0402	0.1896	0.0471	0.2743
Chr11	22500001	25500000	0.0382	0.1845	0.0462	0.2664
Chr11	22800001	25800000	0.0407	0.1705	0.0458	0.2543
Chr11	23100001	26100000	0.0406	0.1636	0.0459	0.2471
Chr11	23400001	26400000	0.0402	0.1547	0.0486	0.2405
Chr11	23700001	26700000	0.0386	0.1536	0.0481	0.2374
Chr11	24000001	27000000	0.0375	0.1502	0.0486	0.2333
Chr11	24300001	27300000	0.0384	0.1542	0.0489	0.2385
Chr11	24600001	27600000	0.0321	0.1613	0.0507	0.2411
Chr11	24900001	27900000	0.0266	0.1531	0.0510	0.2272
Chr11	25200001	28200000	0.0243	0.1544	0.0496	0.2248
Chr11	25500001	28500000	0.0261	0.1516	0.0497	0.2239
Chr11	25800001	28800000	0.0216	0.1764	0.0498	0.2444
Chr11	26100001	29100000	0.0231	0.1980	0.0482	0.2664
Chr11	26400001	29400000	0.0223	0.1999	0.0466	0.2657
Chr11	26700001	29700000	0.0224	0.2037	0.0456	0.2681
Chr11	27000001	30000000	0.0239	0.2086	0.0488	0.2773
Chr11	27300001	30300000	0.0248	0.2233	0.0488	0.2923
Chr11	27600001	30600000	0.0232	0.2645	0.0432	0.3262
Chr11	27900001	30900000	0.0222	0.3129	0.0418	0.3728
Chr11	28200001	31200000	0.0203	0.3134	0.0425	0.3729
Chr11	28500001	31500000	0.0267	0.3221	0.0438	0.3889
Chr11	28800001	31800000	0.0298	0.2953	0.0482	0.3699
Chr11	29100001	32100000	0.0308	0.2850	0.0517	0.3637
Chr11	29400001	32400000	0.0316	0.2965	0.0518	0.3764
Chr11	29700001	32700000	0.0312	0.3058	0.0552	0.3889
Chr11	30000001	33000000	0.0334	0.3274	0.0566	0.4145
Chr11	30300001	33300000	0.0346	0.3137	0.0594	0.4055
Chr11	30600001	33600000	0.0372	0.2710	0.0646	0.3693
Chr11	30900001	33688037	0.0399	0.2337	0.0646	0.3346
Chr12	1	3000000	0.0306	0.1262	0.0330	0.1876
Chr12	300001	3300000	0.0331	0.1150	0.0348	0.1802
Chr12	600001	3600000	0.0314	0.1195	0.0340	0.1823
Chr12	900001	3900000	0.0304	0.1200	0.0382	0.1854
Chr12	1200001	4200000	0.0287	0.1227	0.0377	0.1866
Chr12	1500001	4500000	0.0268	0.1435	0.0402	0.2082
Chr12	1800001	4800000	0.0262	0.1455	0.0437	0.2131
Chr12	2100001	5100000	0.0274	0.1521	0.0465	0.2234
Chr12	2400001	5400000	0.0260	0.1618	0.0486	0.2339
Chr12	2700001	5700000	0.0233	0.1723	0.0538	0.2471
Chr12	3000001	6000000	0.0248	0.1907	0.0534	0.2662
Chr12	3300001	6300000	0.0266	0.2013	0.0541	0.2796
Chr12	3600001	6600000	0.0334	0.2006	0.0607	0.2922
Chr12	3900001	6900000	0.0381	0.2096	0.0614	0.3066
Chr12	4200001	7200000	0.0420	0.2186	0.0621	0.3201
Chr12	4500001	7500000	0.0467	0.2041	0.0575	0.3055
Chr12	4800001	7800000	0.0471	0.2268	0.0568	0.3280
Chr12	5100001	8100000	0.0479	0.2420	0.0572	0.3446
Chr12	5400001	8400000	0.0522	0.2516	0.0533	0.3544
Chr12	5700001	8700000	0.0539	0.2602	0.0494	0.3602
Chr12	6000001	9000000	0.0561	0.2538	0.0505	0.3571
Chr12	6300001	9300000	0.0543	0.2983	0.0526	0.4022
Chr12	6600001	9600000	0.0512	0.2988	0.0482	0.3951
Chr12	6900001	9900000	0.0462	0.3150	0.0451	0.4037
Chr12	7200001	10200000	0.0466	0.3262	0.0449	0.4143
Chr12	7500001	10500000	0.0465	0.3381	0.0440	0.4251
Chr12	7800001	10800000	0.0508	0.3220	0.0458	0.4151
Chr12	8100001	11100000	0.0480	0.3525	0.0473	0.4443
Chr12	8400001	11400000	0.0428	0.3927	0.0495	0.4815
Chr12	8700001	11700000	0.0404	0.4288	0.0459	0.5118
Chr12	9000001	12000000	0.0370	0.4440	0.0434	0.5220
Chr12	9300001	12300000	0.0398	0.4311	0.0388	0.5074
Chr12	9600001	12600000	0.0386	0.4838	0.0359	0.5561
Chr12	9900001	12900000	0.0396	0.4840	0.0347	0.5564
Chr12	10200001	13200000	0.0367	0.4748	0.0346	0.5444
Chr12	10500001	13500000	0.0335	0.4899	0.0391	0.5604
Chr12	10800001	13800000	0.0321	0.4934	0.0345	0.5581
Chr12	11100001	14100000	0.0440	0.4626	0.0351	0.5396
Chr12	11400001	14400000	0.0508	0.4272	0.0343	0.5100
Chr12	11700001	14700000	0.0571	0.4037	0.0364	0.4954
Chr12	12000001	15000000	0.0610	0.3897	0.0386	0.4872
Chr12	12300001	15300000	0.0575	0.3512	0.0452	0.4513
Chr12	12600001	15600000	0.0531	0.3513	0.0571	0.4578
Chr12	12900001	15900000	0.0493	0.3825	0.0656	0.4931
Chr12	13200001	16200000	0.0547	0.4001	0.0674	0.5182
Chr12	13500001	16500000	0.0548	0.4080	0.0629	0.5222
Chr12	13800001	16800000	0.0555	0.4287	0.0641	0.5447
Chr12	14100001	17100000	0.0458	0.4300	0.0608	0.5327
Chr12	14400001	17400000	0.0497	0.4309	0.0593	0.5359
Chr12	14700001	17700000	0.0497	0.3993	0.0670	0.5122
Chr12	15000001	18000000	0.0486	0.4020	0.0652	0.5123
Chr12	15300001	18300000	0.0541	0.3975	0.0601	0.5084
Chr12	15600001	18600000	0.0547	0.3466	0.0526	0.4513
Chr12	15900001	18900000	0.0554	0.3078	0.0510	0.4115
Chr12	16200001	19200000	0.0522	0.2800	0.0507	0.3800
Chr12	16500001	19500000	0.0544	0.2378	0.0528	0.3420
Chr12	16800001	19800000	0.0525	0.2051	0.0529	0.3075
Chr12	17100001	20100000	0.0494	0.1863	0.0520	0.2852
Chr12	17400001	20400000	0.0443	0.1666	0.0548	0.2631
Chr12	17700001	20700000	0.0393	0.1824	0.0446	0.2635
Chr12	18000001	21000000	0.0383	0.1669	0.0440	0.2466
Chr12	18300001	21300000	0.0336	0.1620	0.0466	0.2391
Chr12	18600001	21600000	0.0415	0.1503	0.0473	0.2350
Chr12	18900001	21900000	0.0422	0.1375	0.0418	0.2184
Chr12	19200001	22200000	0.0399	0.1384	0.0411	0.2164
Chr12	19500001	22500000	0.0355	0.1524	0.0409	0.2253
Chr12	19800001	22800000	0.0395	0.1484	0.0431	0.2273
Chr12	20100001	23100000	0.0412	0.1477	0.0472	0.2323
Chr12	20400001	23400000	0.0362	0.1345	0.0488	0.2158
Chr12	20700001	23700000	0.0383	0.1087	0.0506	0.1938
Chr12	21000001	24000000	0.0357	0.1113	0.0513	0.1945
Chr12	21300001	24300000	0.0399	0.1103	0.0538	0.2004
Chr12	21600001	24600000	0.0306	0.1051	0.0496	0.1828
Chr12	21900001	24900000	0.0295	0.1103	0.0501	0.1872
Chr12	22200001	25200000	0.0333	0.1015	0.0501	0.1823
Chr12	22500001	25500000	0.0340	0.1049	0.0482	0.1848
Chr12	22800001	25800000	0.0277	0.1027	0.0481	0.1766
Chr12	23100001	26100000	0.0264	0.1096	0.0442	0.1780
Chr12	23400001	26400000	0.0275	0.1244	0.0442	0.1938
Chr12	23700001	26700000	0.0249	0.1401	0.0442	0.2066
Chr12	24000001	27000000	0.0256	0.1386	0.0449	0.2064
Chr12	24300001	27221643	0.0193	0.1424	0.0382	0.1974
unanchor1	1	53743	0.0000	0.0000	0.0000	0.0000
unanchor2	1	17338	0.0000	0.9988	0.0000	0.9988
unanchor3	1	78021	0.0000	0.3176	0.0134	0.3310
unanchor4	1	38574	0.0033	0.0000	0.0084	0.0117
unanchor5	1	35869	0.1268	0.1736	0.0213	0.3217
unanchor6	1	32775	0.0309	0.0105	0.0421	0.0835
unanchor7	1	102635	0.0000	0.0000	0.0000	0.0000
unanchor8	1	55126	0.0000	0.0000	0.0000	0.0000
unanchor9	1	70329	0.0000	0.0000	0.0000	0.0000
unanchor10	1	56780	0.0000	0.0000	0.0000	0.0000
unanchor11	1	89047	0.0000	0.0896	0.0000	0.0896
unanchor12	1	63678	0.0000	0.2966	0.1981	0.4704
unanchor13	1	95736	0.0033	0.2081	0.0098	0.2212
unanchor14	1	48072	0.0000	0.0000	0.0000	0.0000
unanchor15	1	104279	0.0000	0.0000	0.0000	0.0000
unanchor16	1	78193	0.0000	0.2192	0.0639	0.2800
unanchor17	1	149033	0.0041	0.1351	0.0070	0.1463
unanchor18	1	15421	0.0000	0.0000	0.0000	0.0000
unanchor19	1	32112	0.0035	0.0409	0.0000	0.0443
unanchor20	1	65206	0.0000	0.0040	0.0000	0.0040
unanchor21	1	91641	0.0030	0.0057	0.0000	0.0087
unanchor22	1	87780	0.0063	0.0059	0.0000	0.0122
unanchor23	1	83962	0.0033	0.0062	0.0000	0.0094
unanchor24	1	79062	0.0000	0.0000	0.0000	0.0000
unanchor25	1	73463	0.0037	0.0309	0.0000	0.0346
unanchor26	1	73267	0.0000	0.1746	0.1620	0.3365
unanchor27	1	57458	0.0017	0.0090	0.0000	0.0108
unanchor28	1	17909	0.0000	0.0000	0.0000	0.0000
unanchor29	1	15500	0.0000	0.0000	0.0000	0.0000
unanchor30	1	84698	0.0032	0.0088	0.0000	0.0121
unanchor31	1	51370	0.0093	0.5649	0.0166	0.5909
unanchor32	1	18762	0.0000	0.0000	0.0000	0.0000
unanchor33	1	36861	0.0690	0.2129	0.1484	0.4182
unanchor34	1	41711	0.0057	0.0276	0.0144	0.0477
unanchor35	1	36963	0.0000	0.0000	0.0814	0.0814
unanchor36	1	53932	0.0000	0.1722	0.0000	0.1722
unanchor37	1	115318	0.0000	0.4627	0.0000	0.4627
unanchor38	1	14902	0.0000	0.0000	0.0000	0.0000
unanchor39	1	14376	0.0000	0.0000	0.0000	0.0000
unanchor40	1	13141	0.0000	0.0000	0.0000	0.0000
unanchor41	1	11893	0.0000	0.2179	0.0000	0.2179
unanchor42	1	11352	0.0000	0.0000	0.0000	0.0000
unanchor43	1	9610	0.0000	0.0000	0.0000	0.0000
unanchor44	1	8716	0.0000	0.0000	0.0000	0.0000
unanchor45	1	8469	0.0000	0.0000	0.0000	0.0000
unanchor46	1	7406	0.0000	0.0000	0.0000	0.0000
unanchor47	1	6825	0.0000	0.0000	0.0000	0.0000
unanchor48	1	6279	0.0000	0.0000	0.0000	0.0000
unanchor49	1	5861	0.0000	0.0000	0.0000	0.0000
unanchor50	1	5773	0.0208	0.0450	0.0000	0.0658
unanchor51	1	5588	0.0000	0.0000	0.0000	0.0000
unanchor52	1	4957	0.0000	0.0000	0.0000	0.0000
unanchor53	1	4943	0.0000	0.0000	0.0000	0.0000
unanchor54	1	4690	0.0000	0.1126	0.2045	0.3171
unanchor55	1	4673	0.0000	0.0000	0.0000	0.0000
unanchor56	1	4663	0.0000	0.0000	0.0000	0.0000
unanchor57	1	4098	0.0000	0.0000	0.0000	0.0000
unanchor58	1	3811	0.0000	0.0000	0.0000	0.0000
unanchor59	1	3808	0.0000	0.0000	0.0000	0.0000
unanchor60	1	2943	0.0000	0.0000	0.0000	0.0000
unanchor61	1	2907	0.0000	0.0000	0.3416	0.3416
unanchor62	1	2856	0.0000	0.0000	0.0000	0.0000
unanchor63	1	2364	0.0000	0.0000	0.0000	0.0000
unanchor64	1	2182	0.0000	0.0000	0.0000	0.0000
unanchor65	1	2162	0.0000	0.0569	0.0000	0.0569
unanchor66	1	2072	0.0000	0.0000	0.0000	0.0000
unanchor67	1	1953	0.0000	0.0000	0.0000	0.0000
unanchor68	1	1839	0.0000	0.0000	0.0000	0.0000
unanchor69	1	1666	0.0000	0.0000	0.0000	0.0000
unanchor70	1	1228	0.0000	0.0000	0.0000	0.0000
unanchor71	1	1073	0.0000	0.0000	0.0000	0.0000
unanchor72	1	69658	0.0000	0.0000	0.0000	0.0000
unanchor73	1	185416	0.0000	0.0000	0.0000	0.0000
unanchor74	1	56203	0.0018	0.0000	0.0000	0.0018
unanchor75	1	45313	0.0329	0.0024	0.0085	0.0367
unanchor76	1	80816	0.0012	0.0033	0.0000	0.0045
unanchor77	1	115851	0.0000	0.0000	0.0000	0.0000
unanchor78	1	76832	0.0000	0.0000	0.0000	0.0000
unanchor79	1	19589	0.0000	0.0000	0.0000	0.0000
unanchor80	1	116582	0.0000	0.0156	0.0098	0.0244
unanchor81	1	60785	0.0000	0.0000	0.0000	0.0000
unanchor82	1	42733	0.0000	0.0000	0.0000	0.0000
unanchor83	1	71515	0.0000	0.0000	0.0000	0.0000
unanchor84	1	89178	0.0108	0.5456	0.0181	0.5745
unanchor85	1	109611	0.0205	0.7749	0.0410	0.8353
unanchor86	1	110102	0.0000	0.9830	0.0000	0.9830
unanchor87	1	116538	0.0000	0.0000	0.0000	0.0000
unanchor88	1	43050	0.0000	0.0000	0.0000	0.0000
unanchor89	1	119777	0.0000	0.0455	0.1211	0.1653
unanchor90	1	18127	0.0000	0.1715	0.0000	0.1715
unanchor91	1	53796	0.0000	0.0000	0.0000	0.0000
unanchor92	1	31878	0.0000	0.0000	0.0000	0.0000
unanchor93	1	40604	0.0000	0.0000	0.0000	0.0000
unanchor94	1	39126	0.0000	0.0743	0.0000	0.0743
unanchor95	1	21118	0.0000	0.1593	0.0000	0.1593
unanchor96	1	156004	0.0000	0.4321	0.0000	0.4321
unanchor97	1	17642	0.0000	0.1558	0.0000	0.1558
unanchor98	1	96866	0.0000	0.3284	0.0000	0.3284
unanchor99	1	325717	0.0000	0.3996	0.0000	0.3996
unanchor100	1	117159	0.0000	0.1695	0.0000	0.1695
unanchor101	1	55103	0.0000	0.1800	0.0000	0.1800
unanchor102	1	68903	0.0000	0.2597	0.0000	0.2597
unanchor103	1	50511	0.0000	0.0888	0.0000	0.0888
unanchor104	1	261663	0.0000	0.4086	0.0569	0.4583
unanchor105	1	79336	0.0000	0.0438	0.0000	0.0438
unanchor106	1	64295	0.0000	0.1634	0.0626	0.2261
unanchor107	1	43808	0.0000	0.2753	0.0000	0.2753
unanchor108	1	51809	0.0000	0.2272	0.0000	0.2272
unanchor109	1	78907	0.0000	0.2242	0.0019	0.2242
unanchor110	1	267356	0.0000	0.4814	0.0000	0.4814
unanchor111	1	51519	0.0000	0.3188	0.0000	0.3188
unanchor112	1	197993	0.0000	0.3718	0.0000	0.3718
unanchor113	1	129675	0.0000	0.3904	0.0000	0.3904
unanchor114	1	76465	0.0000	0.3556	0.0000	0.3556
unanchor115	1	111261	0.0000	0.4010	0.0000	0.4010
unanchor116	1	51895	0.0000	0.5043	0.0000	0.5043
unanchor117	1	177633	0.0000	0.4436	0.0000	0.4436
unanchor118	1	35030	0.0000	0.0974	0.0000	0.0974
unanchor119	1	241744	0.0009	0.0100	0.0000	0.0109
unanchor120	1	159133	0.0113	0.0081	0.0024	0.0198
unanchor121	1	142838	0.0000	0.0205	0.0000	0.0205
unanchor122	1	56991	0.0281	0.0116	0.0068	0.0408
unanchor123	1	62545	0.0238	0.0658	0.0868	0.1735
unanchor124	1	25000	0.0464	0.2954	0.0235	0.3652
unanchor125	1	35564	0.0000	0.4465	0.0000	0.4465
unanchor126	1	37036	0.0000	0.3555	0.0000	0.3555
unanchor127	1	120721	0.0000	0.4690	0.5188	0.9557
unanchor128	1	131641	0.0000	0.2304	0.7089	0.9161
unanchor129	1	266295	0.0000	0.3330	0.6618	0.9480
unanchor130	1	156288	0.0000	0.2470	0.0190	0.2660
unanchor131	1	77892	0.0000	0.2890	0.0000	0.2890
unanchor132	1	384550	0.0000	0.2548	0.1017	0.3461
