Chr1 0 100000	4
Chr1 100000 200000	17
Chr1 200000 300000	153
Chr1 300000 400000	145
Chr1 400000 500000	277
Chr1 500000 600000	160
Chr1 600000 700000	526
Chr1 700000 800000	144
Chr1 800000 900000	28
Chr1 900000 1000000	43
Chr1 1000000 1100000	153
Chr1 1100000 1200000	132
Chr1 1200000 1300000	10
Chr1 1300000 1400000	13
Chr1 1400000 1500000	3
Chr1 1500000 1600000	15
Chr1 1600000 1700000	3
Chr1 1700000 1800000	5
Chr1 1800000 1900000	0
Chr1 1900000 2000000	15
Chr1 2000000 2100000	5
Chr1 2100000 2200000	2
Chr1 2200000 2300000	3
Chr1 2300000 2400000	5
Chr1 2400000 2500000	11
Chr1 2500000 2600000	9
Chr1 2600000 2700000	3
Chr1 2700000 2800000	4
Chr1 2800000 2900000	3
Chr1 2900000 3000000	0
Chr1 3000000 3100000	1
Chr1 3100000 3200000	3
Chr1 3200000 3300000	0
Chr1 3300000 3400000	1
Chr1 3400000 3500000	1
Chr1 3500000 3600000	4
Chr1 3600000 3700000	1
Chr1 3700000 3800000	1
Chr1 3800000 3900000	1
Chr1 3900000 4000000	3
Chr1 4000000 4100000	1
Chr1 4100000 4200000	1
Chr1 4200000 4300000	2
Chr1 4300000 4400000	1
Chr1 4400000 4500000	2
Chr1 4500000 4600000	1
Chr1 4600000 4700000	3
Chr1 4700000 4800000	3
Chr1 4800000 4900000	3
Chr1 4900000 5000000	0
Chr1 5000000 5100000	3
Chr1 5100000 5200000	5
Chr1 5200000 5300000	2
Chr1 5300000 5400000	1
Chr1 5400000 5500000	2
Chr1 5500000 5600000	5
Chr1 5600000 5700000	186
Chr1 5700000 5800000	45
Chr1 5800000 5900000	60
Chr1 5900000 6000000	4
Chr1 6000000 6100000	7
Chr1 6100000 6200000	4
Chr1 6200000 6300000	7
Chr1 6300000 6400000	5
Chr1 6400000 6500000	9
Chr1 6500000 6600000	7
Chr1 6600000 6700000	47
Chr1 6700000 6800000	144
Chr1 6800000 6900000	48
Chr1 6900000 7000000	5
Chr1 7000000 7100000	44
Chr1 7100000 7200000	261
Chr1 7200000 7300000	6
Chr1 7300000 7400000	7
Chr1 7400000 7500000	1
Chr1 7500000 7600000	9
Chr1 7600000 7700000	75
Chr1 7700000 7800000	95
Chr1 7800000 7900000	112
Chr1 7900000 8000000	98
Chr1 8000000 8100000	99
Chr1 8100000 8200000	131
Chr1 8200000 8300000	117
Chr1 8300000 8400000	282
Chr1 8400000 8500000	167
Chr1 8500000 8600000	207
Chr1 8600000 8700000	321
Chr1 8700000 8800000	143
Chr1 8800000 8900000	261
Chr1 8900000 9000000	84
Chr1 9000000 9100000	13
Chr1 9100000 9200000	15
Chr1 9200000 9300000	19
Chr1 9300000 9400000	12
Chr1 9400000 9500000	72
Chr1 9500000 9600000	7
Chr1 9600000 9700000	5
Chr1 9700000 9800000	7
Chr1 9800000 9900000	12
Chr1 9900000 10000000	11
Chr1 10000000 10100000	7
Chr1 10100000 10200000	5
Chr1 10200000 10300000	5
Chr1 10300000 10400000	2
Chr1 10400000 10500000	5
Chr1 10500000 10600000	7
Chr1 10600000 10700000	6
Chr1 10700000 10800000	93
Chr1 10800000 10900000	37
Chr1 10900000 11000000	32
Chr1 11000000 11100000	2
Chr1 11100000 11200000	1
Chr1 11200000 11300000	1
Chr1 11300000 11400000	0
Chr1 11400000 11500000	2
Chr1 11500000 11600000	0
Chr1 11600000 11700000	1
Chr1 11700000 11800000	1
Chr1 11800000 11900000	4
Chr1 11900000 12000000	124
Chr1 12000000 12100000	90
Chr1 12100000 12200000	74
Chr1 12200000 12300000	56
Chr1 12300000 12400000	0
Chr1 12400000 12500000	2
Chr1 12500000 12600000	0
Chr1 12600000 12700000	1
Chr1 12700000 12800000	4
Chr1 12800000 12900000	8
Chr1 12900000 13000000	3
Chr1 13000000 13100000	3
Chr1 13100000 13200000	3
Chr1 13200000 13300000	0
Chr1 13300000 13400000	2
Chr1 13400000 13500000	5
Chr1 13500000 13600000	4
Chr1 13600000 13700000	3
Chr1 13700000 13800000	1
Chr1 13800000 13900000	0
Chr1 13900000 14000000	0
Chr1 14000000 14100000	2
Chr1 14100000 14200000	2
Chr1 14200000 14300000	4
Chr1 14300000 14400000	43
Chr1 14400000 14500000	13
Chr1 14500000 14600000	12
Chr1 14600000 14700000	9
Chr1 14700000 14800000	6
Chr1 14800000 14900000	33
Chr1 14900000 15000000	10
Chr1 15000000 15100000	4
Chr1 15100000 15200000	20
Chr1 15200000 15300000	3
Chr1 15300000 15400000	1
Chr1 15400000 15500000	1
Chr1 15500000 15600000	0
Chr1 15600000 15700000	7
Chr1 15700000 15800000	7
Chr1 15800000 15900000	2
Chr1 15900000 16000000	8
Chr1 16000000 16100000	3
Chr1 16100000 16200000	5
Chr1 16200000 16300000	2
Chr1 16300000 16400000	3
Chr1 16400000 16500000	2
Chr1 16500000 16600000	3
Chr1 16600000 16700000	2
Chr1 16700000 16800000	0
Chr1 16800000 16900000	0
Chr1 16900000 17000000	1
Chr1 17000000 17100000	0
Chr1 17100000 17200000	0
Chr1 17200000 17300000	0
Chr1 17300000 17400000	2
Chr1 17400000 17500000	2
Chr1 17500000 17600000	1
Chr1 17600000 17700000	3
Chr1 17700000 17800000	4
Chr1 17800000 17900000	3
Chr1 17900000 18000000	1
Chr1 18000000 18100000	7
Chr1 18100000 18200000	4
Chr1 18200000 18300000	5
Chr1 18300000 18400000	7
Chr1 18400000 18500000	2
Chr1 18500000 18600000	2
Chr1 18600000 18700000	4
Chr1 18700000 18800000	1
Chr1 18800000 18900000	1
Chr1 18900000 19000000	0
Chr1 19000000 19100000	75
Chr1 19100000 19200000	112
Chr1 19200000 19300000	68
Chr1 19300000 19400000	199
Chr1 19400000 19500000	67
Chr1 19500000 19600000	71
Chr1 19600000 19700000	79
Chr1 19700000 19800000	97
Chr1 19800000 19900000	61
Chr1 19900000 20000000	0
Chr1 20000000 20100000	0
Chr1 20100000 20200000	8
Chr1 20200000 20300000	20
Chr1 20300000 20400000	200
Chr1 20400000 20500000	250
Chr1 20500000 20600000	193
Chr1 20600000 20700000	152
Chr1 20700000 20800000	98
Chr1 20800000 20900000	112
Chr1 20900000 21000000	152
Chr1 21000000 21100000	121
Chr1 21100000 21200000	7
Chr1 21200000 21300000	83
Chr1 21300000 21400000	0
Chr1 21400000 21500000	5
Chr1 21500000 21600000	3
Chr1 21600000 21700000	3
Chr1 21700000 21800000	1
Chr1 21800000 21900000	0
Chr1 21900000 22000000	2
Chr1 22000000 22100000	4
Chr1 22100000 22200000	1
Chr1 22200000 22300000	4
Chr1 22300000 22400000	3
Chr1 22400000 22500000	3
Chr1 22500000 22600000	2
Chr1 22600000 22700000	0
Chr1 22700000 22800000	0
Chr1 22800000 22900000	2
Chr1 22900000 23000000	0
Chr1 23000000 23100000	0
Chr1 23100000 23200000	4
Chr1 23200000 23300000	2
Chr1 23300000 23400000	2
Chr1 23400000 23500000	2
Chr1 23500000 23600000	1
Chr1 23600000 23700000	4
Chr1 23700000 23800000	0
Chr1 23800000 23900000	4
Chr1 23900000 24000000	2
Chr1 24000000 24100000	1
Chr1 24100000 24200000	1
Chr1 24200000 24300000	0
Chr1 24300000 24400000	3
Chr1 24400000 24500000	2
Chr1 24500000 24600000	0
Chr1 24600000 24700000	1
Chr1 24700000 24800000	5
Chr1 24800000 24900000	3
Chr1 24900000 25000000	1
Chr1 25000000 25100000	3
Chr1 25100000 25200000	2
Chr1 25200000 25300000	1
Chr1 25300000 25400000	1
Chr1 25400000 25500000	2
Chr1 25500000 25600000	48
Chr1 25600000 25700000	68
Chr1 25700000 25800000	9
Chr1 25800000 25900000	1
Chr1 25900000 26000000	6
Chr1 26000000 26100000	5
Chr1 26100000 26200000	5
Chr1 26200000 26300000	3
Chr1 26300000 26400000	5
Chr1 26400000 26500000	2
Chr1 26500000 26600000	1
Chr1 26600000 26700000	4
Chr1 26700000 26800000	9
Chr1 26800000 26900000	4
Chr1 26900000 27000000	5
Chr1 27000000 27100000	4
Chr1 27100000 27200000	53
Chr1 27200000 27300000	84
Chr1 27300000 27400000	193
Chr1 27400000 27500000	120
Chr1 27500000 27600000	152
Chr1 27600000 27700000	130
Chr1 27700000 27800000	77
Chr1 27800000 27900000	80
Chr1 27900000 28000000	138
Chr1 28000000 28100000	0
Chr1 28100000 28200000	3
Chr1 28200000 28300000	2
Chr1 28300000 28400000	4
Chr1 28400000 28500000	2
Chr1 28500000 28600000	4
Chr1 28600000 28700000	3
Chr1 28700000 28800000	2
Chr1 28800000 28900000	3
Chr1 28900000 29000000	0
Chr1 29000000 29100000	4
Chr1 29100000 29200000	0
Chr1 29200000 29300000	1
Chr1 29300000 29400000	1
Chr1 29400000 29500000	5
Chr1 29500000 29600000	3
Chr1 29600000 29700000	0
Chr1 29700000 29800000	52
Chr1 29800000 29900000	151
Chr1 29900000 30000000	173
Chr1 30000000 30100000	208
Chr1 30100000 30200000	145
Chr1 30200000 30300000	130
Chr1 30300000 30400000	99
Chr1 30400000 30500000	5
Chr1 30500000 30600000	193
Chr1 30600000 30700000	71
Chr1 30700000 30800000	155
Chr1 30800000 30900000	84
Chr1 30900000 31000000	67
Chr1 31000000 31100000	119
Chr1 31100000 31200000	109
Chr1 31200000 31300000	143
Chr1 31300000 31400000	354
Chr1 31400000 31500000	226
Chr1 31500000 31600000	65
Chr1 31600000 31700000	128
Chr1 31700000 31800000	75
Chr1 31800000 31900000	112
Chr1 31900000 32000000	148
Chr1 32000000 32100000	115
Chr1 32100000 32200000	105
Chr1 32200000 32300000	149
Chr1 32300000 32400000	92
Chr1 32400000 32500000	82
Chr1 32500000 32600000	63
Chr1 32600000 32700000	50
Chr1 32700000 32800000	108
Chr1 32800000 32900000	120
Chr1 32900000 33000000	136
Chr1 33000000 33100000	104
Chr1 33100000 33200000	138
Chr1 33200000 33300000	106
Chr1 33300000 33400000	104
Chr1 33400000 33500000	89
Chr1 33500000 33600000	133
Chr1 33600000 33700000	83
Chr1 33700000 33800000	154
Chr1 33800000 33900000	260
Chr1 33900000 34000000	121
Chr1 34000000 34100000	101
Chr1 34100000 34200000	215
Chr1 34200000 34300000	84
Chr1 34300000 34400000	133
Chr1 34400000 34500000	99
Chr1 34500000 34600000	102
Chr1 34600000 34700000	63
Chr1 34700000 34800000	99
Chr1 34800000 34900000	112
Chr1 34900000 35000000	76
Chr1 35000000 35100000	84
Chr1 35100000 35200000	20
Chr1 35200000 35300000	9
Chr1 35300000 35400000	8
Chr1 35400000 35500000	13
Chr1 35500000 35600000	28
Chr1 35600000 35700000	13
Chr1 35700000 35800000	9
Chr1 35800000 35900000	4
Chr1 35900000 36000000	16
Chr1 36000000 36100000	21
Chr1 36100000 36200000	60
Chr1 36200000 36300000	82
Chr1 36300000 36400000	69
Chr1 36400000 36500000	28
Chr1 36500000 36600000	11
Chr1 36600000 36700000	5
Chr1 36700000 36800000	11
Chr1 36800000 36900000	13
Chr1 36900000 37000000	40
Chr1 37000000 37100000	73
Chr1 37100000 37200000	73
Chr1 37200000 37300000	40
Chr1 37300000 37400000	59
Chr1 37400000 37500000	48
Chr1 37500000 37600000	38
Chr1 37600000 37700000	24
Chr1 37700000 37800000	15
Chr1 37800000 37900000	9
Chr1 37900000 38000000	6
Chr1 38000000 38100000	11
Chr1 38100000 38200000	10
Chr1 38200000 38300000	35
Chr1 38300000 38400000	75
Chr1 38400000 38500000	49
Chr1 38500000 38600000	24
Chr1 38600000 38700000	40
Chr1 38700000 38800000	62
Chr1 38800000 38900000	82
Chr1 38900000 39000000	54
Chr1 39000000 39100000	18
Chr1 39100000 39200000	45
Chr1 39200000 39300000	27
Chr1 39300000 39400000	52
Chr1 39400000 39500000	15
Chr1 39500000 39600000	43
Chr1 39600000 39700000	28
Chr1 39700000 39800000	57
Chr1 39800000 39900000	34
Chr1 39900000 40000000	3
Chr1 40000000 40100000	24
Chr1 40100000 40200000	12
Chr1 40200000 40300000	12
Chr1 40300000 40400000	10
Chr1 40400000 40500000	95
Chr1 40500000 40600000	40
Chr1 40600000 40700000	16
Chr1 40700000 40800000	34
Chr1 40800000 40900000	15
Chr1 40900000 41000000	53
Chr1 41000000 41100000	61
Chr1 41100000 41200000	82
Chr1 41200000 41300000	123
Chr1 41300000 41400000	123
Chr1 41400000 41500000	53
Chr1 41500000 41600000	34
Chr1 41600000 41700000	135
Chr1 41700000 41800000	98
Chr1 41800000 41900000	9
Chr1 41900000 42000000	10
Chr1 42000000 42100000	14
Chr1 42100000 42200000	11
Chr1 42200000 42300000	76
Chr1 42300000 42400000	16
Chr1 42400000 42500000	66
Chr1 42500000 42600000	84
Chr1 42600000 42700000	91
Chr1 42700000 42800000	123
Chr1 42800000 42900000	5
Chr1 42900000 43000000	51
Chr1 43000000 43100000	88
Chr1 43100000 43200000	94
Chr1 43200000 43300000	106
Chr1 43300000 43400000	71
Chr1 43400000 43500000	134
Chr1 43500000 43600000	129
Chr1 43600000 43700000	311
Chr1 43700000 43800000	160
Chr10 0 100000	1
Chr10 100000 200000	2
Chr10 200000 300000	2
Chr10 300000 400000	0
Chr10 400000 500000	2
Chr10 500000 600000	0
Chr10 600000 700000	0
Chr10 700000 800000	0
Chr10 800000 900000	1
Chr10 900000 1000000	1
Chr10 1000000 1100000	0
Chr10 1100000 1200000	0
Chr10 1200000 1300000	1
Chr10 1300000 1400000	0
Chr10 1400000 1500000	3
Chr10 1500000 1600000	4
Chr10 1600000 1700000	3
Chr10 1700000 1800000	2
Chr10 1800000 1900000	1
Chr10 1900000 2000000	0
Chr10 2000000 2100000	0
Chr10 2100000 2200000	0
Chr10 2200000 2300000	0
Chr10 2300000 2400000	1
Chr10 2400000 2500000	1
Chr10 2500000 2600000	0
Chr10 2600000 2700000	3
Chr10 2700000 2800000	0
Chr10 2800000 2900000	1
Chr10 2900000 3000000	0
Chr10 3000000 3100000	0
Chr10 3100000 3200000	0
Chr10 3200000 3300000	0
Chr10 3300000 3400000	2
Chr10 3400000 3500000	0
Chr10 3500000 3600000	1
Chr10 3600000 3700000	0
Chr10 3700000 3800000	0
Chr10 3800000 3900000	1
Chr10 3900000 4000000	6
Chr10 4000000 4100000	20
Chr10 4100000 4200000	26
Chr10 4200000 4300000	71
Chr10 4300000 4400000	115
Chr10 4400000 4500000	181
Chr10 4500000 4600000	105
Chr10 4600000 4700000	25
Chr10 4700000 4800000	21
Chr10 4800000 4900000	3
Chr10 4900000 5000000	23
Chr10 5000000 5100000	47
Chr10 5100000 5200000	26
Chr10 5200000 5300000	38
Chr10 5300000 5400000	73
Chr10 5400000 5500000	57
Chr10 5500000 5600000	33
Chr10 5600000 5700000	123
Chr10 5700000 5800000	118
Chr10 5800000 5900000	103
Chr10 5900000 6000000	169
Chr10 6000000 6100000	54
Chr10 6100000 6200000	50
Chr10 6200000 6300000	1
Chr10 6300000 6400000	4
Chr10 6400000 6500000	47
Chr10 6500000 6600000	157
Chr10 6600000 6700000	27
Chr10 6700000 6800000	14
Chr10 6800000 6900000	1
Chr10 6900000 7000000	0
Chr10 7000000 7100000	0
Chr10 7100000 7200000	0
Chr10 7200000 7300000	2
Chr10 7300000 7400000	1
Chr10 7400000 7500000	1
Chr10 7500000 7600000	5
Chr10 7600000 7700000	2
Chr10 7700000 7800000	0
Chr10 7800000 7900000	4
Chr10 7900000 8000000	1
Chr10 8000000 8100000	0
Chr10 8100000 8200000	1
Chr10 8200000 8300000	0
Chr10 8300000 8400000	0
Chr10 8400000 8500000	1
Chr10 8500000 8600000	3
Chr10 8600000 8700000	1
Chr10 8700000 8800000	1
Chr10 8800000 8900000	0
Chr10 8900000 9000000	2
Chr10 9000000 9100000	0
Chr10 9100000 9200000	2
Chr10 9200000 9300000	5
Chr10 9300000 9400000	1
Chr10 9400000 9500000	4
Chr10 9500000 9600000	6
Chr10 9600000 9700000	1
Chr10 9700000 9800000	3
Chr10 9800000 9900000	4
Chr10 9900000 10000000	2
Chr10 10000000 10100000	3
Chr10 10100000 10200000	0
Chr10 10200000 10300000	0
Chr10 10300000 10400000	2
Chr10 10400000 10500000	1
Chr10 10500000 10600000	0
Chr10 10600000 10700000	1
Chr10 10700000 10800000	0
Chr10 10800000 10900000	2
Chr10 10900000 11000000	1
Chr10 11000000 11100000	2
Chr10 11100000 11200000	9
Chr10 11200000 11300000	4
Chr10 11300000 11400000	2
Chr10 11400000 11500000	9
Chr10 11500000 11600000	3
Chr10 11600000 11700000	3
Chr10 11700000 11800000	2
Chr10 11800000 11900000	42
Chr10 11900000 12000000	27
Chr10 12000000 12100000	66
Chr10 12100000 12200000	39
Chr10 12200000 12300000	84
Chr10 12300000 12400000	82
Chr10 12400000 12500000	32
Chr10 12500000 12600000	14
Chr10 12600000 12700000	41
Chr10 12700000 12800000	20
Chr10 12800000 12900000	115
Chr10 12900000 13000000	80
Chr10 13000000 13100000	39
Chr10 13100000 13200000	143
Chr10 13200000 13300000	148
Chr10 13300000 13400000	174
Chr10 13400000 13500000	216
Chr10 13500000 13600000	150
Chr10 13600000 13700000	101
Chr10 13700000 13800000	77
Chr10 13800000 13900000	77
Chr10 13900000 14000000	42
Chr10 14000000 14100000	9
Chr10 14100000 14200000	7
Chr10 14200000 14300000	0
Chr10 14300000 14400000	69
Chr10 14400000 14500000	79
Chr10 14500000 14600000	194
Chr10 14600000 14700000	58
Chr10 14700000 14800000	118
Chr10 14800000 14900000	116
Chr10 14900000 15000000	103
Chr10 15000000 15100000	60
Chr10 15100000 15200000	67
Chr10 15200000 15300000	101
Chr10 15300000 15400000	115
Chr10 15400000 15500000	148
Chr10 15500000 15600000	134
Chr10 15600000 15700000	242
Chr10 15700000 15800000	186
Chr10 15800000 15900000	364
Chr10 15900000 16000000	73
Chr10 16000000 16100000	123
Chr10 16100000 16200000	122
Chr10 16200000 16300000	122
Chr10 16300000 16400000	175
Chr10 16400000 16500000	100
Chr10 16500000 16600000	183
Chr10 16600000 16700000	117
Chr10 16700000 16800000	167
Chr10 16800000 16900000	147
Chr10 16900000 17000000	74
Chr10 17000000 17100000	63
Chr10 17100000 17200000	37
Chr10 17200000 17300000	76
Chr10 17300000 17400000	92
Chr10 17400000 17500000	135
Chr10 17500000 17600000	376
Chr10 17600000 17700000	419
Chr10 17700000 17800000	165
Chr10 17800000 17900000	106
Chr10 17900000 18000000	201
Chr10 18000000 18100000	119
Chr10 18100000 18200000	252
Chr10 18200000 18300000	218
Chr10 18300000 18400000	339
Chr10 18400000 18500000	37
Chr10 18500000 18600000	4
Chr10 18600000 18700000	6
Chr10 18700000 18800000	5
Chr10 18800000 18900000	10
Chr10 18900000 19000000	3
Chr10 19000000 19100000	8
Chr10 19100000 19200000	9
Chr10 19200000 19300000	5
Chr10 19300000 19400000	4
Chr10 19400000 19500000	1
Chr10 19500000 19600000	8
Chr10 19600000 19700000	8
Chr10 19700000 19800000	8
Chr10 19800000 19900000	27
Chr10 19900000 20000000	92
Chr10 20000000 20100000	35
Chr10 20100000 20200000	88
Chr10 20200000 20300000	77
Chr10 20300000 20400000	15
Chr10 20400000 20500000	39
Chr10 20500000 20600000	19
Chr10 20600000 20700000	30
Chr10 20700000 20800000	38
Chr10 20800000 20900000	63
Chr10 20900000 21000000	17
Chr10 21000000 21100000	11
Chr10 21100000 21200000	2
Chr10 21200000 21300000	131
Chr10 21300000 21400000	82
Chr10 21400000 21500000	96
Chr10 21500000 21600000	154
Chr10 21600000 21700000	87
Chr10 21700000 21800000	85
Chr10 21800000 21900000	84
Chr10 21900000 22000000	56
Chr10 22000000 22100000	93
Chr10 22100000 22200000	75
Chr10 22200000 22300000	8
Chr10 22300000 22400000	3
Chr10 22400000 22500000	9
Chr10 22500000 22600000	3
Chr10 22600000 22700000	1
Chr10 22700000 22800000	6
Chr10 22800000 22900000	5
Chr10 22900000 23000000	6
Chr10 23000000 23100000	7
Chr10 23100000 23200000	6
Chr10 23200000 23300000	4
Chr10 23300000 23400000	7
Chr10 23400000 23500000	1
Chr10 23500000 23600000	0
Chr10 23600000 23700000	3
Chr10 23700000 23800000	11
Chr10 23800000 23900000	3
Chr10 23900000 24000000	7
Chr10 24000000 24100000	7
Chr10 24100000 24200000	94
Chr10 24200000 24300000	132
Chr10 24300000 24400000	88
Chr10 24400000 24500000	42
Chr10 24500000 24600000	53
Chr10 24600000 24700000	34
Chr10 24700000 24800000	36
Chr10 24800000 24900000	8
Chr10 24900000 25000000	27
Chr10 25000000 25100000	4
Chr11 0 100000	45
Chr11 100000 200000	30
Chr11 200000 300000	4
Chr11 300000 400000	15
Chr11 400000 500000	51
Chr11 500000 600000	33
Chr11 600000 700000	13
Chr11 700000 800000	30
Chr11 800000 900000	23
Chr11 900000 1000000	25
Chr11 1000000 1100000	24
Chr11 1100000 1200000	25
Chr11 1200000 1300000	4
Chr11 1300000 1400000	2
Chr11 1400000 1500000	0
Chr11 1500000 1600000	0
Chr11 1600000 1700000	56
Chr11 1700000 1800000	68
Chr11 1800000 1900000	48
Chr11 1900000 2000000	64
Chr11 2000000 2100000	75
Chr11 2100000 2200000	36
Chr11 2200000 2300000	129
Chr11 2300000 2400000	102
Chr11 2400000 2500000	162
Chr11 2500000 2600000	224
Chr11 2600000 2700000	264
Chr11 2700000 2800000	62
Chr11 2800000 2900000	105
Chr11 2900000 3000000	36
Chr11 3000000 3100000	14
Chr11 3100000 3200000	128
Chr11 3200000 3300000	84
Chr11 3300000 3400000	129
Chr11 3400000 3500000	128
Chr11 3500000 3600000	76
Chr11 3600000 3700000	95
Chr11 3700000 3800000	192
Chr11 3800000 3900000	90
Chr11 3900000 4000000	6
Chr11 4000000 4100000	1
Chr11 4100000 4200000	4
Chr11 4200000 4300000	6
Chr11 4300000 4400000	6
Chr11 4400000 4500000	1
Chr11 4500000 4600000	5
Chr11 4600000 4700000	57
Chr11 4700000 4800000	246
Chr11 4800000 4900000	88
Chr11 4900000 5000000	47
Chr11 5000000 5100000	266
Chr11 5100000 5200000	295
Chr11 5200000 5300000	249
Chr11 5300000 5400000	183
Chr11 5400000 5500000	24
Chr11 5500000 5600000	36
Chr11 5600000 5700000	150
Chr11 5700000 5800000	95
Chr11 5800000 5900000	140
Chr11 5900000 6000000	184
Chr11 6000000 6100000	101
Chr11 6100000 6200000	261
Chr11 6200000 6300000	256
Chr11 6300000 6400000	28
Chr11 6400000 6500000	124
Chr11 6500000 6600000	142
Chr11 6600000 6700000	103
Chr11 6700000 6800000	246
Chr11 6800000 6900000	27
Chr11 6900000 7000000	26
Chr11 7000000 7100000	0
Chr11 7100000 7200000	0
Chr11 7200000 7300000	0
Chr11 7300000 7400000	1
Chr11 7400000 7500000	5
Chr11 7500000 7600000	4
Chr11 7600000 7700000	154
Chr11 7700000 7800000	117
Chr11 7800000 7900000	134
Chr11 7900000 8000000	175
Chr11 8000000 8100000	260
Chr11 8100000 8200000	77
Chr11 8200000 8300000	116
Chr11 8300000 8400000	159
Chr11 8400000 8500000	131
Chr11 8500000 8600000	64
Chr11 8600000 8700000	17
Chr11 8700000 8800000	3
Chr11 8800000 8900000	61
Chr11 8900000 9000000	76
Chr11 9000000 9100000	37
Chr11 9100000 9200000	41
Chr11 9200000 9300000	37
Chr11 9300000 9400000	142
Chr11 9400000 9500000	61
Chr11 9500000 9600000	91
Chr11 9600000 9700000	65
Chr11 9700000 9800000	66
Chr11 9800000 9900000	12
Chr11 9900000 10000000	17
Chr11 10000000 10100000	78
Chr11 10100000 10200000	79
Chr11 10200000 10300000	85
Chr11 10300000 10400000	98
Chr11 10400000 10500000	127
Chr11 10500000 10600000	9
Chr11 10600000 10700000	35
Chr11 10700000 10800000	65
Chr11 10800000 10900000	29
Chr11 10900000 11000000	27
Chr11 11000000 11100000	0
Chr11 11100000 11200000	12
Chr11 11200000 11300000	1
Chr11 11300000 11400000	5
Chr11 11400000 11500000	2
Chr11 11500000 11600000	2
Chr11 11600000 11700000	2
Chr11 11700000 11800000	6
Chr11 11800000 11900000	55
Chr11 11900000 12000000	35
Chr11 12000000 12100000	61
Chr11 12100000 12200000	50
Chr11 12200000 12300000	38
Chr11 12300000 12400000	82
Chr11 12400000 12500000	55
Chr11 12500000 12600000	44
Chr11 12600000 12700000	37
Chr11 12700000 12800000	16
Chr11 12800000 12900000	21
Chr11 12900000 13000000	12
Chr11 13000000 13100000	10
Chr11 13100000 13200000	34
Chr11 13200000 13300000	21
Chr11 13300000 13400000	23
Chr11 13400000 13500000	23
Chr11 13500000 13600000	26
Chr11 13600000 13700000	17
Chr11 13700000 13800000	0
Chr11 13800000 13900000	0
Chr11 13900000 14000000	17
Chr11 14000000 14100000	3
Chr11 14100000 14200000	4
Chr11 14200000 14300000	29
Chr11 14300000 14400000	1
Chr11 14400000 14500000	0
Chr11 14500000 14600000	0
Chr11 14600000 14700000	20
Chr11 14700000 14800000	14
Chr11 14800000 14900000	9
Chr11 14900000 15000000	8
Chr11 15000000 15100000	26
Chr11 15100000 15200000	16
Chr11 15200000 15300000	20
Chr11 15300000 15400000	11
Chr11 15400000 15500000	31
Chr11 15500000 15600000	13
Chr11 15600000 15700000	1
Chr11 15700000 15800000	23
Chr11 15800000 15900000	4
Chr11 15900000 16000000	42
Chr11 16000000 16100000	26
Chr11 16100000 16200000	27
Chr11 16200000 16300000	34
Chr11 16300000 16400000	66
Chr11 16400000 16500000	97
Chr11 16500000 16600000	228
Chr11 16600000 16700000	102
Chr11 16700000 16800000	15
Chr11 16800000 16900000	42
Chr11 16900000 17000000	17
Chr11 17000000 17100000	0
Chr11 17100000 17200000	0
Chr11 17200000 17300000	19
Chr11 17300000 17400000	38
Chr11 17400000 17500000	25
Chr11 17500000 17600000	32
Chr11 17600000 17700000	63
Chr11 17700000 17800000	72
Chr11 17800000 17900000	38
Chr11 17900000 18000000	6
Chr11 18000000 18100000	6
Chr11 18100000 18200000	0
Chr11 18200000 18300000	48
Chr11 18300000 18400000	37
Chr11 18400000 18500000	87
Chr11 18500000 18600000	146
Chr11 18600000 18700000	32
Chr11 18700000 18800000	68
Chr11 18800000 18900000	54
Chr11 18900000 19000000	191
Chr11 19000000 19100000	64
Chr11 19100000 19200000	22
Chr11 19200000 19300000	35
Chr11 19300000 19400000	70
Chr11 19400000 19500000	44
Chr11 19500000 19600000	30
Chr11 19600000 19700000	42
Chr11 19700000 19800000	110
Chr11 19800000 19900000	41
Chr11 19900000 20000000	97
Chr11 20000000 20100000	70
Chr11 20100000 20200000	93
Chr11 20200000 20300000	111
Chr11 20300000 20400000	143
Chr11 20400000 20500000	171
Chr11 20500000 20600000	342
Chr11 20600000 20700000	174
Chr11 20700000 20800000	90
Chr11 20800000 20900000	38
Chr11 20900000 21000000	68
Chr11 21000000 21100000	119
Chr11 21100000 21200000	128
Chr11 21200000 21300000	149
Chr11 21300000 21400000	88
Chr11 21400000 21500000	25
Chr11 21500000 21600000	71
Chr11 21600000 21700000	2
Chr11 21700000 21800000	6
Chr11 21800000 21900000	2
Chr11 21900000 22000000	170
Chr11 22000000 22100000	202
Chr11 22100000 22200000	91
Chr11 22200000 22300000	97
Chr11 22300000 22400000	80
Chr11 22400000 22500000	132
Chr11 22500000 22600000	5
Chr11 22600000 22700000	4
Chr11 22700000 22800000	1
Chr11 22800000 22900000	80
Chr11 22900000 23000000	43
Chr11 23000000 23100000	10
Chr11 23100000 23200000	28
Chr11 23200000 23300000	132
Chr11 23300000 23400000	18
Chr11 23400000 23500000	78
Chr11 23500000 23600000	90
Chr11 23600000 23700000	68
Chr11 23700000 23800000	5
Chr11 23800000 23900000	1
Chr11 23900000 24000000	2
Chr11 24000000 24100000	2
Chr11 24100000 24200000	4
Chr11 24200000 24300000	1
Chr11 24300000 24400000	2
Chr11 24400000 24500000	0
Chr11 24500000 24600000	1
Chr11 24600000 24700000	1
Chr11 24700000 24800000	0
Chr11 24800000 24900000	0
Chr11 24900000 25000000	1
Chr11 25000000 25100000	0
Chr11 25100000 25200000	5
Chr11 25200000 25300000	0
Chr11 25300000 25400000	1
Chr11 25400000 25500000	6
Chr11 25500000 25600000	3
Chr11 25600000 25700000	2
Chr11 25700000 25800000	3
Chr11 25800000 25900000	4
Chr11 25900000 26000000	3
Chr11 26000000 26100000	2
Chr11 26100000 26200000	0
Chr11 26200000 26300000	0
Chr11 26300000 26400000	1
Chr11 26400000 26500000	2
Chr11 26500000 26600000	5
Chr11 26600000 26700000	6
Chr11 26700000 26800000	9
Chr11 26800000 26900000	5
Chr11 26900000 27000000	1
Chr11 27000000 27100000	2
Chr11 27100000 27200000	0
Chr11 27200000 27300000	2
Chr11 27300000 27400000	0
Chr11 27400000 27500000	0
Chr11 27500000 27600000	4
Chr11 27600000 27700000	2
Chr11 27700000 27800000	1
Chr11 27800000 27900000	3
Chr11 27900000 28000000	6
Chr11 28000000 28100000	4
Chr11 28100000 28200000	2
Chr11 28200000 28300000	44
Chr11 28300000 28400000	96
Chr11 28400000 28500000	47
Chr11 28500000 28600000	68
Chr11 28600000 28700000	45
Chr11 28700000 28800000	0
Chr11 28800000 28900000	12
Chr11 28900000 29000000	59
Chr11 29000000 29100000	74
Chr11 29100000 29200000	41
Chr11 29200000 29300000	193
Chr11 29300000 29400000	9
Chr11 29400000 29500000	0
Chr11 29500000 29600000	2
Chr11 29600000 29700000	0
Chr11 29700000 29800000	4
Chr11 29800000 29900000	1
Chr11 29900000 30000000	2
Chr11 30000000 30100000	0
Chr11 30100000 30200000	0
Chr11 30200000 30300000	3
Chr11 30300000 30400000	0
Chr11 30400000 30500000	0
Chr11 30500000 30600000	0
Chr11 30600000 30700000	0
Chr11 30700000 30800000	0
Chr11 30800000 30900000	0
Chr11 30900000 31000000	20
Chr11 31000000 31100000	0
Chr11 31100000 31200000	2
Chr11 31200000 31300000	2
Chr11 31300000 31400000	4
Chr11 31400000 31500000	2
Chr11 31500000 31600000	10
Chr11 31600000 31700000	4
Chr11 31700000 31800000	11
Chr11 31800000 31900000	0
Chr11 31900000 32000000	6
Chr11 32000000 32100000	7
Chr11 32100000 32200000	3
Chr11 32200000 32300000	6
Chr11 32300000 32400000	0
Chr11 32400000 32500000	5
Chr11 32500000 32600000	7
Chr11 32600000 32700000	7
Chr11 32700000 32800000	7
Chr11 32800000 32900000	11
Chr11 32900000 33000000	1
Chr11 33000000 33100000	10
Chr11 33100000 33200000	26
Chr11 33200000 33300000	64
Chr11 33300000 33400000	89
Chr11 33400000 33500000	65
Chr11 33500000 33600000	16
Chr12 200000 300000	70
Chr12 300000 400000	45
Chr12 400000 500000	32
Chr12 500000 600000	2
Chr12 600000 700000	4
Chr12 700000 800000	10
Chr12 800000 900000	8
Chr12 900000 1000000	6
Chr12 1000000 1100000	1
Chr12 1100000 1200000	48
Chr12 1200000 1300000	4
Chr12 1300000 1400000	3
Chr12 1400000 1500000	24
Chr12 1500000 1600000	6
Chr12 1600000 1700000	5
Chr12 1700000 1800000	3
Chr12 1800000 1900000	4
Chr12 1900000 2000000	2
Chr12 2000000 2100000	3
Chr12 2100000 2200000	3
Chr12 2200000 2300000	7
Chr12 2300000 2400000	12
Chr12 2400000 2500000	8
Chr12 2500000 2600000	4
Chr12 2600000 2700000	7
Chr12 2700000 2800000	3
Chr12 2800000 2900000	3
Chr12 2900000 3000000	11
Chr12 3000000 3100000	6
Chr12 3100000 3200000	5
Chr12 3200000 3300000	2
Chr12 3300000 3400000	2
Chr12 3400000 3500000	3
Chr12 3500000 3600000	1
Chr12 3600000 3700000	4
Chr12 3700000 3800000	3
Chr12 3800000 3900000	16
Chr12 3900000 4000000	3
Chr12 4000000 4100000	6
Chr12 4100000 4200000	2
Chr12 4200000 4300000	0
Chr12 4300000 4400000	3
Chr12 4400000 4500000	6
Chr12 4500000 4600000	3
Chr12 4600000 4700000	6
Chr12 4700000 4800000	0
Chr12 4800000 4900000	0
Chr12 4900000 5000000	6
Chr12 5000000 5100000	16
Chr12 5100000 5200000	28
Chr12 5200000 5300000	2
Chr12 5300000 5400000	12
Chr12 5400000 5500000	5
Chr12 5500000 5600000	19
Chr12 5600000 5700000	3
Chr12 5700000 5800000	11
Chr12 5800000 5900000	8
Chr12 5900000 6000000	5
Chr12 6000000 6100000	3
Chr12 6100000 6200000	4
Chr12 6200000 6300000	2
Chr12 6300000 6400000	2
Chr12 6400000 6500000	2
Chr12 6500000 6600000	4
Chr12 6600000 6700000	75
Chr12 6700000 6800000	63
Chr12 6800000 6900000	91
Chr12 6900000 7000000	102
Chr12 7000000 7100000	145
Chr12 7100000 7200000	55
Chr12 7200000 7300000	146
Chr12 7300000 7400000	257
Chr12 7400000 7500000	361
Chr12 7500000 7600000	188
Chr12 7600000 7700000	93
Chr12 7700000 7800000	50
Chr12 7800000 7900000	99
Chr12 7900000 8000000	61
Chr12 8000000 8100000	64
Chr12 8100000 8200000	167
Chr12 8200000 8300000	180
Chr12 8300000 8400000	135
Chr12 8400000 8500000	53
Chr12 8500000 8600000	81
Chr12 8600000 8700000	80
Chr12 8700000 8800000	47
Chr12 8800000 8900000	60
Chr12 8900000 9000000	67
Chr12 9000000 9100000	22
Chr12 9100000 9200000	0
Chr12 9200000 9300000	17
Chr12 9300000 9400000	62
Chr12 9400000 9500000	64
Chr12 9500000 9600000	75
Chr12 9600000 9700000	31
Chr12 9700000 9800000	141
Chr12 9800000 9900000	83
Chr12 9900000 10000000	147
Chr12 10000000 10100000	31
Chr12 10100000 10200000	126
Chr12 10200000 10300000	321
Chr12 10300000 10400000	205
Chr12 10400000 10500000	36
Chr12 10500000 10600000	74
Chr12 10600000 10700000	71
Chr12 10700000 10800000	87
Chr12 10800000 10900000	117
Chr12 10900000 11000000	37
Chr12 11000000 11100000	0
Chr12 11100000 11200000	43
Chr12 11200000 11300000	25
Chr12 11300000 11400000	8
Chr12 11400000 11500000	40
Chr12 11500000 11600000	4
Chr12 11600000 11700000	129
Chr12 11700000 11800000	124
Chr12 11800000 11900000	172
Chr12 11900000 12000000	169
Chr12 12000000 12100000	26
Chr12 12100000 12200000	1
Chr12 12200000 12300000	50
Chr12 12300000 12400000	15
Chr12 12400000 12500000	17
Chr12 12500000 12600000	25
Chr12 12600000 12700000	60
Chr12 12700000 12800000	9
Chr12 12800000 12900000	42
Chr12 12900000 13000000	145
Chr12 13000000 13100000	23
Chr12 13100000 13200000	41
Chr12 13200000 13300000	1
Chr12 13300000 13400000	68
Chr12 13400000 13500000	132
Chr12 13500000 13600000	97
Chr12 13600000 13700000	42
Chr12 13700000 13800000	46
Chr12 13800000 13900000	94
Chr12 13900000 14000000	48
Chr12 14000000 14100000	24
Chr12 14100000 14200000	44
Chr12 14200000 14300000	9
Chr12 14300000 14400000	13
Chr12 14400000 14500000	82
Chr12 14500000 14600000	46
Chr12 14600000 14700000	25
Chr12 14700000 14800000	40
Chr12 14800000 14900000	37
Chr12 14900000 15000000	49
Chr12 15000000 15100000	172
Chr12 15100000 15200000	77
Chr12 15200000 15300000	20
Chr12 15300000 15400000	0
Chr12 15400000 15500000	0
Chr12 15500000 15600000	0
Chr12 15600000 15700000	0
Chr12 15700000 15800000	0
Chr12 15800000 15900000	62
Chr12 15900000 16000000	54
Chr12 16000000 16100000	11
Chr12 16100000 16200000	69
Chr12 16200000 16300000	71
Chr12 16300000 16400000	8
Chr12 16400000 16500000	4
Chr12 16500000 16600000	7
Chr12 16600000 16700000	106
Chr12 16700000 16800000	93
Chr12 16800000 16900000	78
Chr12 16900000 17000000	100
Chr12 17000000 17100000	222
Chr12 17100000 17200000	102
Chr12 17200000 17300000	284
Chr12 17300000 17400000	23
Chr12 17400000 17500000	293
Chr12 17500000 17600000	282
Chr12 17600000 17700000	158
Chr12 17700000 17800000	152
Chr12 17800000 17900000	152
Chr12 17900000 18000000	82
Chr12 18000000 18100000	3
Chr12 18100000 18200000	113
Chr12 18200000 18300000	155
Chr12 18300000 18400000	55
Chr12 18400000 18500000	288
Chr12 18500000 18600000	85
Chr12 18600000 18700000	100
Chr12 18700000 18800000	41
Chr12 18800000 18900000	21
Chr12 18900000 19000000	77
Chr12 19000000 19100000	116
Chr12 19100000 19200000	195
Chr12 19200000 19300000	293
Chr12 19300000 19400000	318
Chr12 19400000 19500000	193
Chr12 19500000 19600000	141
Chr12 19600000 19700000	169
Chr12 19700000 19800000	160
Chr12 19800000 19900000	117
Chr12 19900000 20000000	223
Chr12 20000000 20100000	140
Chr12 20100000 20200000	144
Chr12 20200000 20300000	37
Chr12 20300000 20400000	3
Chr12 20400000 20500000	5
Chr12 20500000 20600000	9
Chr12 20600000 20700000	7
Chr12 20700000 20800000	11
Chr12 20800000 20900000	9
Chr12 20900000 21000000	29
Chr12 21000000 21100000	13
Chr12 21100000 21200000	19
Chr12 21200000 21300000	32
Chr12 21300000 21400000	58
Chr12 21400000 21500000	68
Chr12 21500000 21600000	48
Chr12 21600000 21700000	303
Chr12 21700000 21800000	126
Chr12 21800000 21900000	41
Chr12 21900000 22000000	438
Chr12 22000000 22100000	28
Chr12 22100000 22200000	127
Chr12 22200000 22300000	87
Chr12 22300000 22400000	5
Chr12 22400000 22500000	43
Chr12 22500000 22600000	140
Chr12 22600000 22700000	170
Chr12 22700000 22800000	5
Chr12 22800000 22900000	51
Chr12 22900000 23000000	278
Chr12 23000000 23100000	218
Chr12 23100000 23200000	86
Chr12 23200000 23300000	127
Chr12 23300000 23400000	99
Chr12 23400000 23500000	259
Chr12 23500000 23600000	159
Chr12 23600000 23700000	87
Chr12 23700000 23800000	234
Chr12 23800000 23900000	68
Chr12 23900000 24000000	97
Chr12 24000000 24100000	93
Chr12 24100000 24200000	104
Chr12 24200000 24300000	99
Chr12 24300000 24400000	8
Chr12 24400000 24500000	9
Chr12 24500000 24600000	6
Chr12 24600000 24700000	8
Chr12 24700000 24800000	77
Chr12 24800000 24900000	4
Chr12 24900000 25000000	12
Chr12 25000000 25100000	6
Chr12 25100000 25200000	39
Chr12 25200000 25300000	52
Chr12 25300000 25400000	283
Chr12 25400000 25500000	239
Chr12 25500000 25600000	167
Chr12 25600000 25700000	11
Chr12 25700000 25800000	1
Chr12 25800000 25900000	66
Chr12 25900000 26000000	196
Chr12 26000000 26100000	66
Chr12 26100000 26200000	122
Chr12 26200000 26300000	180
Chr12 26300000 26400000	30
Chr12 26400000 26500000	10
Chr12 26500000 26600000	6
Chr12 26600000 26700000	13
Chr12 26700000 26800000	1
Chr12 26800000 26900000	1
Chr12 26900000 27000000	0
Chr12 27000000 27100000	0
Chr12 27100000 27200000	1
Chr2 0 100000	134
Chr2 100000 200000	25
Chr2 200000 300000	2
Chr2 300000 400000	1
Chr2 400000 500000	0
Chr2 500000 600000	58
Chr2 600000 700000	77
Chr2 700000 800000	58
Chr2 800000 900000	101
Chr2 900000 1000000	9
Chr2 1000000 1100000	14
Chr2 1100000 1200000	15
Chr2 1200000 1300000	6
Chr2 1300000 1400000	30
Chr2 1400000 1500000	134
Chr2 1500000 1600000	4
Chr2 1600000 1700000	5
Chr2 1700000 1800000	2
Chr2 1800000 1900000	2
Chr2 1900000 2000000	0
Chr2 2000000 2100000	6
Chr2 2100000 2200000	0
Chr2 2200000 2300000	12
Chr2 2300000 2400000	0
Chr2 2400000 2500000	1
Chr2 2500000 2600000	10
Chr2 2600000 2700000	65
Chr2 2700000 2800000	59
Chr2 2800000 2900000	5
Chr2 2900000 3000000	1
Chr2 3000000 3100000	4
Chr2 3100000 3200000	5
Chr2 3200000 3300000	4
Chr2 3300000 3400000	4
Chr2 3400000 3500000	13
Chr2 3500000 3600000	131
Chr2 3600000 3700000	8
Chr2 3700000 3800000	5
Chr2 3800000 3900000	84
Chr2 3900000 4000000	48
Chr2 4000000 4100000	76
Chr2 4100000 4200000	33
Chr2 4200000 4300000	27
Chr2 4300000 4400000	48
Chr2 4400000 4500000	107
Chr2 4500000 4600000	49
Chr2 4600000 4700000	5
Chr2 4700000 4800000	18
Chr2 4800000 4900000	77
Chr2 4900000 5000000	30
Chr2 5000000 5100000	64
Chr2 5100000 5200000	116
Chr2 5200000 5300000	98
Chr2 5300000 5400000	13
Chr2 5400000 5500000	45
Chr2 5500000 5600000	53
Chr2 5600000 5700000	61
Chr2 5700000 5800000	17
Chr2 5800000 5900000	39
Chr2 5900000 6000000	44
Chr2 6000000 6100000	35
Chr2 6100000 6200000	174
Chr2 6200000 6300000	33
Chr2 6300000 6400000	214
Chr2 6400000 6500000	127
Chr2 6500000 6600000	80
Chr2 6600000 6700000	9
Chr2 6700000 6800000	56
Chr2 6800000 6900000	5
Chr2 6900000 7000000	0
Chr2 7000000 7100000	1
Chr2 7100000 7200000	3
Chr2 7200000 7300000	0
Chr2 7300000 7400000	2
Chr2 7400000 7500000	2
Chr2 7500000 7600000	0
Chr2 7600000 7700000	2
Chr2 7700000 7800000	5
Chr2 7800000 7900000	4
Chr2 7900000 8000000	0
Chr2 8000000 8100000	0
Chr2 8100000 8200000	1
Chr2 8200000 8300000	1
Chr2 8300000 8400000	1
Chr2 8400000 8500000	2
Chr2 8500000 8600000	1
Chr2 8600000 8700000	0
Chr2 8700000 8800000	1
Chr2 8800000 8900000	1
Chr2 8900000 9000000	2
Chr2 9000000 9100000	1
Chr2 9100000 9200000	2
Chr2 9200000 9300000	3
Chr2 9300000 9400000	2
Chr2 9400000 9500000	2
Chr2 9500000 9600000	0
Chr2 9600000 9700000	0
Chr2 9700000 9800000	0
Chr2 9800000 9900000	1
Chr2 9900000 10000000	0
Chr2 10000000 10100000	0
Chr2 10100000 10200000	1
Chr2 10200000 10300000	0
Chr2 10300000 10400000	1
Chr2 10400000 10500000	0
Chr2 10500000 10600000	0
Chr2 10600000 10700000	0
Chr2 10700000 10800000	2
Chr2 10800000 10900000	0
Chr2 10900000 11000000	1
Chr2 11000000 11100000	2
Chr2 11100000 11200000	1
Chr2 11200000 11300000	0
Chr2 11300000 11400000	0
Chr2 11400000 11500000	0
Chr2 11500000 11600000	1
Chr2 11600000 11700000	3
Chr2 11700000 11800000	1
Chr2 11800000 11900000	1
Chr2 11900000 12000000	1
Chr2 12000000 12100000	1
Chr2 12100000 12200000	1
Chr2 12200000 12300000	2
Chr2 12300000 12400000	2
Chr2 12400000 12500000	1
Chr2 12500000 12600000	1
Chr2 12600000 12700000	0
Chr2 12700000 12800000	1
Chr2 12800000 12900000	3
Chr2 12900000 13000000	1
Chr2 13000000 13100000	0
Chr2 13100000 13200000	1
Chr2 13200000 13300000	1
Chr2 13300000 13400000	0
Chr2 13400000 13500000	1
Chr2 13500000 13600000	1
Chr2 13600000 13700000	2
Chr2 13700000 13800000	1
Chr2 13800000 13900000	1
Chr2 13900000 14000000	0
Chr2 14000000 14100000	3
Chr2 14100000 14200000	4
Chr2 14200000 14300000	0
Chr2 14300000 14400000	8
Chr2 14400000 14500000	0
Chr2 14500000 14600000	0
Chr2 14600000 14700000	0
Chr2 14700000 14800000	1
Chr2 14800000 14900000	1
Chr2 14900000 15000000	2
Chr2 15000000 15100000	7
Chr2 15100000 15200000	1
Chr2 15200000 15300000	10
Chr2 15300000 15400000	4
Chr2 15400000 15500000	1
Chr2 15500000 15600000	7
Chr2 15600000 15700000	1
Chr2 15700000 15800000	1
Chr2 15800000 15900000	2
Chr2 15900000 16000000	3
Chr2 16000000 16100000	0
Chr2 16100000 16200000	0
Chr2 16200000 16300000	1
Chr2 16300000 16400000	1
Chr2 16400000 16500000	3
Chr2 16500000 16600000	4
Chr2 16600000 16700000	3
Chr2 16700000 16800000	2
Chr2 16800000 16900000	5
Chr2 16900000 17000000	2
Chr2 17000000 17100000	6
Chr2 17100000 17200000	2
Chr2 17200000 17300000	4
Chr2 17300000 17400000	2
Chr2 17400000 17500000	2
Chr2 17500000 17600000	8
Chr2 17600000 17700000	3
Chr2 17700000 17800000	2
Chr2 17800000 17900000	2
Chr2 17900000 18000000	3
Chr2 18000000 18100000	11
Chr2 18100000 18200000	14
Chr2 18200000 18300000	4
Chr2 18300000 18400000	12
Chr2 18400000 18500000	7
Chr2 18500000 18600000	3
Chr2 18600000 18700000	4
Chr2 18700000 18800000	2
Chr2 18800000 18900000	9
Chr2 18900000 19000000	2
Chr2 19000000 19100000	3
Chr2 19100000 19200000	0
Chr2 19200000 19300000	2
Chr2 19300000 19400000	3
Chr2 19400000 19500000	19
Chr2 19500000 19600000	7
Chr2 19600000 19700000	8
Chr2 19700000 19800000	8
Chr2 19800000 19900000	4
Chr2 19900000 20000000	5
Chr2 20000000 20100000	4
Chr2 20100000 20200000	7
Chr2 20200000 20300000	14
Chr2 20300000 20400000	11
Chr2 20400000 20500000	16
Chr2 20500000 20600000	1
Chr2 20600000 20700000	12
Chr2 20700000 20800000	1
Chr2 20800000 20900000	10
Chr2 20900000 21000000	156
Chr2 21000000 21100000	153
Chr2 21100000 21200000	459
Chr2 21200000 21300000	43
Chr2 21300000 21400000	13
Chr2 21400000 21500000	42
Chr2 21500000 21600000	42
Chr2 21600000 21700000	2
Chr2 21700000 21800000	16
Chr2 21800000 21900000	51
Chr2 21900000 22000000	66
Chr2 22000000 22100000	88
Chr2 22100000 22200000	314
Chr2 22200000 22300000	172
Chr2 22300000 22400000	61
Chr2 22400000 22500000	75
Chr2 22500000 22600000	95
Chr2 22600000 22700000	80
Chr2 22700000 22800000	43
Chr2 22800000 22900000	70
Chr2 22900000 23000000	24
Chr2 23000000 23100000	64
Chr2 23100000 23200000	70
Chr2 23200000 23300000	102
Chr2 23300000 23400000	26
Chr2 23400000 23500000	87
Chr2 23500000 23600000	131
Chr2 23600000 23700000	183
Chr2 23700000 23800000	339
Chr2 23800000 23900000	43
Chr2 23900000 24000000	20
Chr2 24000000 24100000	7
Chr2 24100000 24200000	6
Chr2 24200000 24300000	108
Chr2 24300000 24400000	135
Chr2 24400000 24500000	90
Chr2 24500000 24600000	150
Chr2 24600000 24700000	90
Chr2 24700000 24800000	99
Chr2 24800000 24900000	83
Chr2 24900000 25000000	112
Chr2 25000000 25100000	97
Chr2 25100000 25200000	95
Chr2 25200000 25300000	137
Chr2 25300000 25400000	63
Chr2 25400000 25500000	3
Chr2 25500000 25600000	1
Chr2 25600000 25700000	1
Chr2 25700000 25800000	0
Chr2 25800000 25900000	0
Chr2 25900000 26000000	0
Chr2 26000000 26100000	2
Chr2 26100000 26200000	95
Chr2 26200000 26300000	94
Chr2 26300000 26400000	83
Chr2 26400000 26500000	125
Chr2 26500000 26600000	109
Chr2 26600000 26700000	151
Chr2 26700000 26800000	74
Chr2 26800000 26900000	111
Chr2 26900000 27000000	137
Chr2 27000000 27100000	58
Chr2 27100000 27200000	130
Chr2 27200000 27300000	70
Chr2 27300000 27400000	118
Chr2 27400000 27500000	98
Chr2 27500000 27600000	97
Chr2 27600000 27700000	73
Chr2 27700000 27800000	64
Chr2 27800000 27900000	55
Chr2 27900000 28000000	97
Chr2 28000000 28100000	100
Chr2 28100000 28200000	128
Chr2 28200000 28300000	71
Chr2 28300000 28400000	7
Chr2 28400000 28500000	19
Chr2 28500000 28600000	3
Chr2 28600000 28700000	14
Chr2 28700000 28800000	12
Chr2 28800000 28900000	12
Chr2 28900000 29000000	13
Chr2 29000000 29100000	6
Chr2 29100000 29200000	9
Chr2 29200000 29300000	9
Chr2 29300000 29400000	10
Chr2 29400000 29500000	10
Chr2 29500000 29600000	8
Chr2 29600000 29700000	20
Chr2 29700000 29800000	7
Chr2 29800000 29900000	12
Chr2 29900000 30000000	9
Chr2 30000000 30100000	15
Chr2 30100000 30200000	13
Chr2 30200000 30300000	15
Chr2 30300000 30400000	36
Chr2 30400000 30500000	22
Chr2 30500000 30600000	27
Chr2 30600000 30700000	29
Chr2 30700000 30800000	34
Chr2 30800000 30900000	19
Chr2 30900000 31000000	57
Chr2 31000000 31100000	50
Chr2 31100000 31200000	123
Chr2 31200000 31300000	119
Chr2 31300000 31400000	117
Chr2 31400000 31500000	121
Chr2 31500000 31600000	145
Chr2 31600000 31700000	107
Chr2 31700000 31800000	85
Chr2 31800000 31900000	136
Chr2 31900000 32000000	55
Chr2 32000000 32100000	97
Chr2 32100000 32200000	94
Chr2 32200000 32300000	106
Chr2 32300000 32400000	138
Chr2 32400000 32500000	131
Chr2 32500000 32600000	96
Chr2 32600000 32700000	95
Chr2 32700000 32800000	103
Chr2 32800000 32900000	112
Chr2 32900000 33000000	153
Chr2 33000000 33100000	22
Chr2 33100000 33200000	3
Chr2 33200000 33300000	4
Chr2 33300000 33400000	0
Chr2 33400000 33500000	7
Chr2 33500000 33600000	2
Chr2 33600000 33700000	0
Chr2 33700000 33800000	1
Chr2 33800000 33900000	6
Chr2 33900000 34000000	4
Chr2 34000000 34100000	2
Chr2 34100000 34200000	5
Chr2 34200000 34300000	2
Chr2 34300000 34400000	6
Chr2 34400000 34500000	10
Chr2 34500000 34600000	5
Chr2 34600000 34700000	5
Chr2 34700000 34800000	4
Chr2 34800000 34900000	4
Chr2 34900000 35000000	9
Chr2 35000000 35100000	1
Chr2 35100000 35200000	3
Chr2 35200000 35300000	6
Chr2 35300000 35400000	2
Chr2 35400000 35500000	1
Chr2 35500000 35600000	12
Chr2 35600000 35700000	110
Chr2 35700000 35800000	144
Chr2 35800000 35900000	77
Chr2 35900000 36000000	132
Chr2 36000000 36100000	130
Chr2 36100000 36200000	137
Chr2 36200000 36300000	111
Chr2 36300000 36400000	104
Chr2 36400000 36500000	133
Chr2 36500000 36600000	45
Chr2 36600000 36700000	88
Chr2 36700000 36800000	62
Chr2 36800000 36900000	95
Chr2 36900000 37000000	89
Chr2 37000000 37100000	97
Chr2 37100000 37200000	64
Chr2 37200000 37300000	42
Chr2 37300000 37400000	89
Chr2 37400000 37500000	65
Chr2 37500000 37600000	96
Chr3 0 100000	5
Chr3 100000 200000	11
Chr3 200000 300000	13
Chr3 300000 400000	6
Chr3 400000 500000	13
Chr3 500000 600000	8
Chr3 600000 700000	22
Chr3 700000 800000	1
Chr3 800000 900000	3
Chr3 900000 1000000	3
Chr3 1000000 1100000	5
Chr3 1100000 1200000	7
Chr3 1200000 1300000	2
Chr3 1300000 1400000	4
Chr3 1400000 1500000	0
Chr3 1500000 1600000	3
Chr3 1600000 1700000	1
Chr3 1700000 1800000	9
Chr3 1800000 1900000	5
Chr3 1900000 2000000	10
Chr3 2000000 2100000	10
Chr3 2100000 2200000	119
Chr3 2200000 2300000	101
Chr3 2300000 2400000	10
Chr3 2400000 2500000	3
Chr3 2500000 2600000	1
Chr3 2600000 2700000	7
Chr3 2700000 2800000	7
Chr3 2800000 2900000	7
Chr3 2900000 3000000	4
Chr3 3000000 3100000	3
Chr3 3100000 3200000	3
Chr3 3200000 3300000	0
Chr3 3300000 3400000	2
Chr3 3400000 3500000	4
Chr3 3500000 3600000	4
Chr3 3600000 3700000	3
Chr3 3700000 3800000	5
Chr3 3800000 3900000	4
Chr3 3900000 4000000	178
Chr3 4000000 4100000	65
Chr3 4100000 4200000	1
Chr3 4200000 4300000	4
Chr3 4300000 4400000	8
Chr3 4400000 4500000	3
Chr3 4500000 4600000	4
Chr3 4600000 4700000	5
Chr3 4700000 4800000	119
Chr3 4800000 4900000	136
Chr3 4900000 5000000	171
Chr3 5000000 5100000	109
Chr3 5100000 5200000	124
Chr3 5200000 5300000	181
Chr3 5300000 5400000	97
Chr3 5400000 5500000	156
Chr3 5500000 5600000	157
Chr3 5600000 5700000	133
Chr3 5700000 5800000	125
Chr3 5800000 5900000	149
Chr3 5900000 6000000	122
Chr3 6000000 6100000	103
Chr3 6100000 6200000	29
Chr3 6200000 6300000	1
Chr3 6300000 6400000	3
Chr3 6400000 6500000	0
Chr3 6500000 6600000	2
Chr3 6600000 6700000	1
Chr3 6700000 6800000	3
Chr3 6800000 6900000	4
Chr3 6900000 7000000	2
Chr3 7000000 7100000	0
Chr3 7100000 7200000	2
Chr3 7200000 7300000	7
Chr3 7300000 7400000	0
Chr3 7400000 7500000	0
Chr3 7500000 7600000	1
Chr3 7600000 7700000	1
Chr3 7700000 7800000	2
Chr3 7800000 7900000	18
Chr3 7900000 8000000	3
Chr3 8000000 8100000	1
Chr3 8100000 8200000	0
Chr3 8200000 8300000	2
Chr3 8300000 8400000	3
Chr3 8400000 8500000	0
Chr3 8500000 8600000	0
Chr3 8600000 8700000	9
Chr3 8700000 8800000	0
Chr3 8800000 8900000	0
Chr3 8900000 9000000	1
Chr3 9000000 9100000	3
Chr3 9100000 9200000	1
Chr3 9200000 9300000	0
Chr3 9300000 9400000	0
Chr3 9400000 9500000	8
Chr3 9500000 9600000	5
Chr3 9600000 9700000	4
Chr3 9700000 9800000	4
Chr3 9800000 9900000	3
Chr3 9900000 10000000	1
Chr3 10000000 10100000	2
Chr3 10100000 10200000	3
Chr3 10200000 10300000	1
Chr3 10300000 10400000	1
Chr3 10400000 10500000	3
Chr3 10500000 10600000	4
Chr3 10600000 10700000	3
Chr3 10700000 10800000	3
Chr3 10800000 10900000	0
Chr3 10900000 11000000	3
Chr3 11000000 11100000	4
Chr3 11100000 11200000	2
Chr3 11200000 11300000	3
Chr3 11300000 11400000	3
Chr3 11400000 11500000	1
Chr3 11500000 11600000	3
Chr3 11600000 11700000	0
Chr3 11700000 11800000	8
Chr3 11800000 11900000	3
Chr3 11900000 12000000	4
Chr3 12000000 12100000	2
Chr3 12100000 12200000	2
Chr3 12200000 12300000	2
Chr3 12300000 12400000	2
Chr3 12400000 12500000	3
Chr3 12500000 12600000	3
Chr3 12600000 12700000	0
Chr3 12700000 12800000	2
Chr3 12800000 12900000	3
Chr3 12900000 13000000	12
Chr3 13000000 13100000	134
Chr3 13100000 13200000	161
Chr3 13200000 13300000	219
Chr3 13300000 13400000	133
Chr3 13400000 13500000	49
Chr3 13500000 13600000	33
Chr3 13600000 13700000	3
Chr3 13700000 13800000	0
Chr3 13800000 13900000	0
Chr3 13900000 14000000	0
Chr3 14000000 14100000	2
Chr3 14100000 14200000	1
Chr3 14200000 14300000	26
Chr3 14300000 14400000	42
Chr3 14400000 14500000	25
Chr3 14500000 14600000	47
Chr3 14600000 14700000	8
Chr3 14700000 14800000	5
Chr3 14800000 14900000	35
Chr3 14900000 15000000	25
Chr3 15000000 15100000	27
Chr3 15100000 15200000	2
Chr3 15200000 15300000	4
Chr3 15300000 15400000	4
Chr3 15400000 15500000	10
Chr3 15500000 15600000	8
Chr3 15600000 15700000	14
Chr3 15700000 15800000	6
Chr3 15800000 15900000	0
Chr3 15900000 16000000	3
Chr3 16000000 16100000	1
Chr3 16100000 16200000	7
Chr3 16200000 16300000	3
Chr3 16300000 16400000	0
Chr3 16400000 16500000	2
Chr3 16500000 16600000	1
Chr3 16600000 16700000	6
Chr3 16700000 16800000	10
Chr3 16800000 16900000	5
Chr3 16900000 17000000	5
Chr3 17000000 17100000	11
Chr3 17100000 17200000	4
Chr3 17200000 17300000	5
Chr3 17300000 17400000	11
Chr3 17400000 17500000	5
Chr3 17500000 17600000	7
Chr3 17600000 17700000	0
Chr3 17700000 17800000	2
Chr3 17800000 17900000	3
Chr3 17900000 18000000	3
Chr3 18000000 18100000	1
Chr3 18100000 18200000	2
Chr3 18200000 18300000	3
Chr3 18300000 18400000	1
Chr3 18400000 18500000	6
Chr3 18500000 18600000	20
Chr3 18600000 18700000	4
Chr3 18700000 18800000	9
Chr3 18800000 18900000	6
Chr3 18900000 19000000	3
Chr3 19000000 19100000	0
Chr3 19100000 19200000	11
Chr3 19200000 19300000	5
Chr3 19300000 19400000	4
Chr3 19400000 19500000	8
Chr3 19500000 19600000	3
Chr3 19600000 19700000	2
Chr3 19700000 19800000	1
Chr3 19800000 19900000	2
Chr3 19900000 20000000	2
Chr3 20000000 20100000	0
Chr3 20100000 20200000	0
Chr3 20200000 20300000	4
Chr3 20300000 20400000	2
Chr3 20400000 20500000	0
Chr3 20500000 20600000	0
Chr3 20600000 20700000	0
Chr3 20700000 20800000	0
Chr3 20800000 20900000	3
Chr3 20900000 21000000	5
Chr3 21000000 21100000	24
Chr3 21100000 21200000	7
Chr3 21200000 21300000	0
Chr3 21300000 21400000	0
Chr3 21400000 21500000	1
Chr3 21500000 21600000	1
Chr3 21600000 21700000	0
Chr3 21700000 21800000	4
Chr3 21800000 21900000	0
Chr3 21900000 22000000	4
Chr3 22000000 22100000	5
Chr3 22100000 22200000	4
Chr3 22200000 22300000	1
Chr3 22300000 22400000	3
Chr3 22400000 22500000	1
Chr3 22500000 22600000	0
Chr3 22600000 22700000	3
Chr3 22700000 22800000	7
Chr3 22800000 22900000	2
Chr3 22900000 23000000	2
Chr3 23000000 23100000	6
Chr3 23100000 23200000	1
Chr3 23200000 23300000	4
Chr3 23300000 23400000	4
Chr3 23400000 23500000	5
Chr3 23500000 23600000	3
Chr3 23600000 23700000	0
Chr3 23700000 23800000	3
Chr3 23800000 23900000	5
Chr3 23900000 24000000	0
Chr3 24000000 24100000	3
Chr3 24100000 24200000	1
Chr3 24200000 24300000	1
Chr3 24300000 24400000	2
Chr3 24400000 24500000	2
Chr3 24500000 24600000	13
Chr3 24600000 24700000	1
Chr3 24700000 24800000	2
Chr3 24800000 24900000	2
Chr3 24900000 25000000	7
Chr3 25000000 25100000	6
Chr3 25100000 25200000	8
Chr3 25200000 25300000	2
Chr3 25300000 25400000	1
Chr3 25400000 25500000	0
Chr3 25500000 25600000	10
Chr3 25600000 25700000	10
Chr3 25700000 25800000	9
Chr3 25800000 25900000	8
Chr3 25900000 26000000	3
Chr3 26000000 26100000	13
Chr3 26100000 26200000	26
Chr3 26200000 26300000	7
Chr3 26300000 26400000	6
Chr3 26400000 26500000	4
Chr3 26500000 26600000	13
Chr3 26600000 26700000	23
Chr3 26700000 26800000	4
Chr3 26800000 26900000	11
Chr3 26900000 27000000	9
Chr3 27000000 27100000	9
Chr3 27100000 27200000	12
Chr3 27200000 27300000	9
Chr3 27300000 27400000	15
Chr3 27400000 27500000	10
Chr3 27500000 27600000	1
Chr3 27600000 27700000	21
Chr3 27700000 27800000	13
Chr3 27800000 27900000	4
Chr3 27900000 28000000	14
Chr3 28000000 28100000	7
Chr3 28100000 28200000	6
Chr3 28200000 28300000	1
Chr3 28300000 28400000	5
Chr3 28400000 28500000	4
Chr3 28500000 28600000	9
Chr3 28600000 28700000	12
Chr3 28700000 28800000	9
Chr3 28800000 28900000	6
Chr3 28900000 29000000	4
Chr3 29000000 29100000	1
Chr3 29100000 29200000	3
Chr3 29200000 29300000	14
Chr3 29300000 29400000	10
Chr3 29400000 29500000	2
Chr3 29500000 29600000	7
Chr3 29600000 29700000	3
Chr3 29700000 29800000	26
Chr3 29800000 29900000	7
Chr3 29900000 30000000	13
Chr3 30000000 30100000	6
Chr3 30100000 30200000	4
Chr3 30200000 30300000	27
Chr3 30300000 30400000	85
Chr3 30400000 30500000	108
Chr3 30500000 30600000	166
Chr3 30600000 30700000	111
Chr3 30700000 30800000	12
Chr3 30800000 30900000	15
Chr3 30900000 31000000	11
Chr3 31000000 31100000	7
Chr3 31100000 31200000	8
Chr3 31200000 31300000	11
Chr3 31300000 31400000	10
Chr3 31400000 31500000	3
Chr3 31500000 31600000	2
Chr3 31600000 31700000	5
Chr3 31700000 31800000	17
Chr3 31800000 31900000	11
Chr3 31900000 32000000	5
Chr3 32000000 32100000	6
Chr3 32100000 32200000	0
Chr3 32200000 32300000	62
Chr3 32300000 32400000	4
Chr3 32400000 32500000	5
Chr3 32500000 32600000	19
Chr3 32600000 32700000	16
Chr3 32700000 32800000	23
Chr3 32800000 32900000	13
Chr3 32900000 33000000	119
Chr3 33000000 33100000	35
Chr3 33100000 33200000	133
Chr3 33200000 33300000	80
Chr3 33300000 33400000	96
Chr3 33400000 33500000	200
Chr3 33500000 33600000	102
Chr3 33600000 33700000	175
Chr3 33700000 33800000	146
Chr3 33800000 33900000	150
Chr3 33900000 34000000	163
Chr3 34000000 34100000	147
Chr3 34100000 34200000	74
Chr3 34200000 34300000	34
Chr3 34300000 34400000	4
Chr3 34400000 34500000	2
Chr3 34500000 34600000	5
Chr3 34600000 34700000	2
Chr3 34700000 34800000	0
Chr3 34800000 34900000	9
Chr3 34900000 35000000	7
Chr3 35000000 35100000	70
Chr3 35100000 35200000	90
Chr3 35200000 35300000	20
Chr3 35300000 35400000	5
Chr3 35400000 35500000	95
Chr3 35500000 35600000	101
Chr3 35600000 35700000	12
Chr3 35700000 35800000	6
Chr3 35800000 35900000	4
Chr3 35900000 36000000	7
Chr3 36000000 36100000	2
Chr3 36100000 36200000	15
Chr3 36200000 36300000	3
Chr3 36300000 36400000	109
Chr3 36400000 36500000	51
Chr3 36500000 36600000	5
Chr3 36600000 36700000	8
Chr3 36700000 36800000	17
Chr3 36800000 36900000	5
Chr3 36900000 37000000	3
Chr3 37000000 37100000	6
Chr3 37100000 37200000	12
Chr3 37200000 37300000	283
Chr3 37300000 37400000	7
Chr3 37400000 37500000	59
Chr3 37500000 37600000	224
Chr3 37600000 37700000	292
Chr3 37700000 37800000	40
Chr3 37800000 37900000	35
Chr3 37900000 38000000	128
Chr3 38000000 38100000	206
Chr3 38100000 38200000	185
Chr3 38200000 38300000	144
Chr3 38300000 38400000	82
Chr3 38400000 38500000	5
Chr3 38500000 38600000	3
Chr3 38600000 38700000	5
Chr4 0 100000	2
Chr4 100000 200000	14
Chr4 200000 300000	7
Chr4 300000 400000	64
Chr4 400000 500000	93
Chr4 500000 600000	24
Chr4 600000 700000	51
Chr4 700000 800000	8
Chr4 800000 900000	8
Chr4 900000 1000000	51
Chr4 1000000 1100000	71
Chr4 1100000 1200000	84
Chr4 1200000 1300000	50
Chr4 1300000 1400000	20
Chr4 1400000 1500000	1
Chr4 1500000 1600000	5
Chr4 1600000 1700000	0
Chr4 1700000 1800000	3
Chr4 1800000 1900000	9
Chr4 1900000 2000000	2
Chr4 2000000 2100000	18
Chr4 2100000 2200000	13
Chr4 2200000 2300000	6
Chr4 2300000 2400000	1
Chr4 2400000 2500000	0
Chr4 2500000 2600000	2
Chr4 2600000 2700000	0
Chr4 2700000 2800000	0
Chr4 2800000 2900000	3
Chr4 2900000 3000000	2
Chr4 3000000 3100000	3
Chr4 3100000 3200000	3
Chr4 3200000 3300000	2
Chr4 3300000 3400000	0
Chr4 3400000 3500000	24
Chr4 3500000 3600000	5
Chr4 3600000 3700000	3
Chr4 3700000 3800000	0
Chr4 3800000 3900000	1
Chr4 3900000 4000000	2
Chr4 4000000 4100000	4
Chr4 4100000 4200000	0
Chr4 4200000 4300000	7
Chr4 4300000 4400000	8
Chr4 4400000 4500000	10
Chr4 4500000 4600000	2
Chr4 4600000 4700000	11
Chr4 4700000 4800000	11
Chr4 4800000 4900000	2
Chr4 4900000 5000000	5
Chr4 5000000 5100000	8
Chr4 5100000 5200000	3
Chr4 5200000 5300000	1
Chr4 5300000 5400000	2
Chr4 5400000 5500000	4
Chr4 5500000 5600000	4
Chr4 5600000 5700000	3
Chr4 5700000 5800000	11
Chr4 5800000 5900000	5
Chr4 5900000 6000000	2
Chr4 6000000 6100000	6
Chr4 6100000 6200000	0
Chr4 6200000 6300000	3
Chr4 6300000 6400000	1
Chr4 6400000 6500000	1
Chr4 6500000 6600000	0
Chr4 6600000 6700000	0
Chr4 6700000 6800000	8
Chr4 6800000 6900000	2
Chr4 6900000 7000000	1
Chr4 7000000 7100000	2
Chr4 7100000 7200000	2
Chr4 7200000 7300000	3
Chr4 7300000 7400000	2
Chr4 7400000 7500000	13
Chr4 7500000 7600000	1
Chr4 7600000 7700000	0
Chr4 7700000 7800000	2
Chr4 7800000 7900000	0
Chr4 7900000 8000000	10
Chr4 8000000 8100000	12
Chr4 8100000 8200000	5
Chr4 8200000 8300000	7
Chr4 8300000 8400000	0
Chr4 8400000 8500000	0
Chr4 8500000 8600000	1
Chr4 8600000 8700000	2
Chr4 8700000 8800000	0
Chr4 8800000 8900000	0
Chr4 8900000 9000000	3
Chr4 9000000 9100000	0
Chr4 9100000 9200000	1
Chr4 9200000 9300000	0
Chr4 9300000 9400000	1
Chr4 9400000 9500000	2
Chr4 9500000 9600000	1
Chr4 9600000 9700000	3
Chr4 9700000 9800000	2
Chr4 9800000 9900000	3
Chr4 9900000 10000000	3
Chr4 10000000 10100000	1
Chr4 10100000 10200000	1
Chr4 10200000 10300000	1
Chr4 10300000 10400000	2
Chr4 10400000 10500000	0
Chr4 10500000 10600000	0
Chr4 10600000 10700000	0
Chr4 10700000 10800000	0
Chr4 10800000 10900000	0
Chr4 10900000 11000000	0
Chr4 11000000 11100000	0
Chr4 11100000 11200000	0
Chr4 11200000 11300000	0
Chr4 11300000 11400000	0
Chr4 11400000 11500000	3
Chr4 11500000 11600000	0
Chr4 11600000 11700000	0
Chr4 11700000 11800000	0
Chr4 11800000 11900000	4
Chr4 11900000 12000000	3
Chr4 12000000 12100000	1
Chr4 12100000 12200000	1
Chr4 12200000 12300000	6
Chr4 12300000 12400000	7
Chr4 12400000 12500000	5
Chr4 12500000 12600000	1
Chr4 12600000 12700000	4
Chr4 12700000 12800000	2
Chr4 12800000 12900000	3
Chr4 12900000 13000000	8
Chr4 13000000 13100000	1
Chr4 13100000 13200000	7
Chr4 13200000 13300000	0
Chr4 13300000 13400000	3
Chr4 13400000 13500000	3
Chr4 13500000 13600000	0
Chr4 13600000 13700000	4
Chr4 13700000 13800000	3
Chr4 13800000 13900000	6
Chr4 13900000 14000000	4
Chr4 14000000 14100000	13
Chr4 14100000 14200000	2
Chr4 14200000 14300000	0
Chr4 14300000 14400000	10
Chr4 14400000 14500000	1
Chr4 14500000 14600000	7
Chr4 14600000 14700000	1
Chr4 14700000 14800000	4
Chr4 14800000 14900000	3
Chr4 14900000 15000000	3
Chr4 15000000 15100000	2
Chr4 15100000 15200000	2
Chr4 15200000 15300000	2
Chr4 15300000 15400000	0
Chr4 15400000 15500000	9
Chr4 15500000 15600000	0
Chr4 15600000 15700000	1
Chr4 15700000 15800000	1
Chr4 15800000 15900000	3
Chr4 15900000 16000000	0
Chr4 16000000 16100000	1
Chr4 16100000 16200000	0
Chr4 16200000 16300000	0
Chr4 16300000 16400000	6
Chr4 16400000 16500000	3
Chr4 16500000 16600000	6
Chr4 16600000 16700000	0
Chr4 16700000 16800000	7
Chr4 16800000 16900000	4
Chr4 16900000 17000000	5
Chr4 17000000 17100000	8
Chr4 17100000 17200000	6
Chr4 17200000 17300000	6
Chr4 17300000 17400000	10
Chr4 17400000 17500000	13
Chr4 17500000 17600000	12
Chr4 17600000 17700000	10
Chr4 17700000 17800000	12
Chr4 17800000 17900000	3
Chr4 17900000 18000000	2
Chr4 18000000 18100000	10
Chr4 18100000 18200000	1
Chr4 18200000 18300000	0
Chr4 18300000 18400000	90
Chr4 18400000 18500000	78
Chr4 18500000 18600000	187
Chr4 18600000 18700000	91
Chr4 18700000 18800000	213
Chr4 18800000 18900000	56
Chr4 18900000 19000000	26
Chr4 19000000 19100000	139
Chr4 19100000 19200000	166
Chr4 19200000 19300000	263
Chr4 19300000 19400000	177
Chr4 19400000 19500000	362
Chr4 19500000 19600000	648
Chr4 19600000 19700000	266
Chr4 19700000 19800000	100
Chr4 19800000 19900000	84
Chr4 19900000 20000000	140
Chr4 20000000 20100000	5
Chr4 20100000 20200000	23
Chr4 20200000 20300000	164
Chr4 20300000 20400000	170
Chr4 20400000 20500000	113
Chr4 20500000 20600000	234
Chr4 20600000 20700000	198
Chr4 20700000 20800000	68
Chr4 20800000 20900000	244
Chr4 20900000 21000000	136
Chr4 21000000 21100000	105
Chr4 21100000 21200000	137
Chr4 21200000 21300000	85
Chr4 21300000 21400000	136
Chr4 21400000 21500000	121
Chr4 21500000 21600000	163
Chr4 21600000 21700000	164
Chr4 21700000 21800000	223
Chr4 21800000 21900000	212
Chr4 21900000 22000000	250
Chr4 22000000 22100000	94
Chr4 22100000 22200000	226
Chr4 22200000 22300000	222
Chr4 22300000 22400000	87
Chr4 22400000 22500000	185
Chr4 22500000 22600000	215
Chr4 22600000 22700000	20
Chr4 22700000 22800000	0
Chr4 22800000 22900000	23
Chr4 22900000 23000000	142
Chr4 23000000 23100000	40
Chr4 23100000 23200000	1
Chr4 23200000 23300000	7
Chr4 23300000 23400000	14
Chr4 23400000 23500000	10
Chr4 23500000 23600000	58
Chr4 23600000 23700000	67
Chr4 23700000 23800000	25
Chr4 23800000 23900000	19
Chr4 23900000 24000000	25
Chr4 24000000 24100000	11
Chr4 24100000 24200000	15
Chr4 24200000 24300000	12
Chr4 24300000 24400000	32
Chr4 24400000 24500000	126
Chr4 24500000 24600000	133
Chr4 24600000 24700000	139
Chr4 24700000 24800000	149
Chr4 24800000 24900000	22
Chr4 24900000 25000000	124
Chr4 25000000 25100000	268
Chr4 25100000 25200000	31
Chr4 25200000 25300000	154
Chr4 25300000 25400000	6
Chr4 25400000 25500000	2
Chr4 25500000 25600000	1
Chr4 25600000 25700000	3
Chr4 25700000 25800000	4
Chr4 25800000 25900000	0
Chr4 25900000 26000000	0
Chr4 26000000 26100000	3
Chr4 26100000 26200000	2
Chr4 26200000 26300000	1
Chr4 26300000 26400000	0
Chr4 26400000 26500000	4
Chr4 26500000 26600000	27
Chr4 26600000 26700000	21
Chr4 26700000 26800000	5
Chr4 26800000 26900000	4
Chr4 26900000 27000000	7
Chr4 27000000 27100000	20
Chr4 27100000 27200000	6
Chr4 27200000 27300000	3
Chr4 27300000 27400000	7
Chr4 27400000 27500000	10
Chr4 27500000 27600000	11
Chr4 27600000 27700000	8
Chr4 27700000 27800000	10
Chr4 27800000 27900000	12
Chr4 27900000 28000000	7
Chr4 28000000 28100000	7
Chr4 28100000 28200000	2
Chr4 28200000 28300000	11
Chr4 28300000 28400000	29
Chr4 28400000 28500000	91
Chr4 28500000 28600000	130
Chr4 28600000 28700000	105
Chr4 28700000 28800000	15
Chr4 28800000 28900000	2
Chr4 28900000 29000000	5
Chr4 29000000 29100000	13
Chr4 29100000 29200000	0
Chr4 29200000 29300000	4
Chr4 29300000 29400000	4
Chr4 29400000 29500000	6
Chr4 29500000 29600000	8
Chr4 29600000 29700000	6
Chr4 29700000 29800000	7
Chr4 29800000 29900000	8
Chr4 29900000 30000000	1
Chr4 30000000 30100000	13
Chr4 30100000 30200000	5
Chr4 30200000 30300000	2
Chr4 30300000 30400000	0
Chr4 30400000 30500000	16
Chr4 30500000 30600000	28
Chr4 30600000 30700000	23
Chr4 30700000 30800000	11
Chr4 30800000 30900000	12
Chr4 30900000 31000000	43
Chr4 31000000 31100000	30
Chr4 31100000 31200000	41
Chr4 31200000 31300000	88
Chr4 31300000 31400000	61
Chr4 31400000 31500000	69
Chr4 31500000 31600000	140
Chr4 31600000 31700000	100
Chr4 31700000 31800000	109
Chr4 31800000 31900000	294
Chr4 31900000 32000000	191
Chr4 32000000 32100000	91
Chr4 32100000 32200000	55
Chr4 32200000 32300000	53
Chr4 32300000 32400000	168
Chr4 32400000 32500000	169
Chr4 32500000 32600000	108
Chr4 32600000 32700000	310
Chr4 32700000 32800000	261
Chr4 32800000 32900000	92
Chr4 32900000 33000000	172
Chr4 33000000 33100000	65
Chr4 33100000 33200000	137
Chr4 33200000 33300000	102
Chr4 33300000 33400000	129
Chr4 33400000 33500000	62
Chr4 33500000 33600000	199
Chr4 33600000 33700000	63
Chr4 33700000 33800000	110
Chr4 33800000 33900000	48
Chr4 33900000 34000000	7
Chr4 34000000 34100000	125
Chr4 34100000 34200000	102
Chr4 34200000 34300000	90
Chr4 34300000 34400000	83
Chr4 34400000 34500000	121
Chr4 34500000 34600000	141
Chr4 34600000 34700000	280
Chr4 34700000 34800000	155
Chr4 34800000 34900000	16
Chr4 34900000 35000000	6
Chr4 35000000 35100000	6
Chr4 35100000 35200000	104
Chr4 35200000 35300000	52
Chr4 35300000 35400000	52
Chr4 35400000 35500000	47
Chr4 35500000 35600000	11
Chr4 35600000 35700000	184
Chr4 35700000 35800000	159
Chr4 35800000 35900000	119
Chr4 35900000 36000000	102
Chr4 36000000 36100000	115
Chr4 36100000 36200000	89
Chr4 36200000 36300000	186
Chr4 36300000 36400000	156
Chr4 36400000 36500000	96
Chr4 36500000 36600000	7
Chr4 36600000 36700000	7
Chr4 36700000 36800000	4
Chr4 36800000 36900000	4
Chr5 0 100000	81
Chr5 100000 200000	108
Chr5 200000 300000	129
Chr5 300000 400000	167
Chr5 400000 500000	78
Chr5 500000 600000	168
Chr5 600000 700000	131
Chr5 700000 800000	147
Chr5 800000 900000	123
Chr5 900000 1000000	116
Chr5 1000000 1100000	34
Chr5 1100000 1200000	56
Chr5 1200000 1300000	4
Chr5 1300000 1400000	2
Chr5 1400000 1500000	70
Chr5 1500000 1600000	97
Chr5 1600000 1700000	9
Chr5 1700000 1800000	9
Chr5 1800000 1900000	3
Chr5 1900000 2000000	184
Chr5 2000000 2100000	538
Chr5 2100000 2200000	459
Chr5 2200000 2300000	133
Chr5 2300000 2400000	328
Chr5 2400000 2500000	42
Chr5 2500000 2600000	38
Chr5 2600000 2700000	2
Chr5 2700000 2800000	2
Chr5 2800000 2900000	3
Chr5 2900000 3000000	29
Chr5 3000000 3100000	94
Chr5 3100000 3200000	62
Chr5 3200000 3300000	147
Chr5 3300000 3400000	31
Chr5 3400000 3500000	4
Chr5 3500000 3600000	5
Chr5 3600000 3700000	3
Chr5 3700000 3800000	83
Chr5 3800000 3900000	41
Chr5 3900000 4000000	33
Chr5 4000000 4100000	179
Chr5 4100000 4200000	173
Chr5 4200000 4300000	7
Chr5 4300000 4400000	0
Chr5 4400000 4500000	1
Chr5 4500000 4600000	0
Chr5 4600000 4700000	1
Chr5 4700000 4800000	9
Chr5 4800000 4900000	8
Chr5 4900000 5000000	1
Chr5 5000000 5100000	3
Chr5 5100000 5200000	0
Chr5 5200000 5300000	1
Chr5 5300000 5400000	1
Chr5 5400000 5500000	1
Chr5 5500000 5600000	1
Chr5 5600000 5700000	1
Chr5 5700000 5800000	0
Chr5 5800000 5900000	2
Chr5 5900000 6000000	0
Chr5 6000000 6100000	4
Chr5 6100000 6200000	1
Chr5 6200000 6300000	1
Chr5 6300000 6400000	1
Chr5 6400000 6500000	1
Chr5 6500000 6600000	1
Chr5 6600000 6700000	0
Chr5 6700000 6800000	4
Chr5 6800000 6900000	1
Chr5 6900000 7000000	2
Chr5 7000000 7100000	2
Chr5 7100000 7200000	0
Chr5 7200000 7300000	3
Chr5 7300000 7400000	1
Chr5 7400000 7500000	2
Chr5 7500000 7600000	3
Chr5 7600000 7700000	1
Chr5 7700000 7800000	1
Chr5 7800000 7900000	1
Chr5 7900000 8000000	2
Chr5 8000000 8100000	1
Chr5 8100000 8200000	1
Chr5 8200000 8300000	0
Chr5 8300000 8400000	0
Chr5 8400000 8500000	0
Chr5 8500000 8600000	0
Chr5 8600000 8700000	1
Chr5 8700000 8800000	2
Chr5 8800000 8900000	0
Chr5 8900000 9000000	0
Chr5 9000000 9100000	0
Chr5 9100000 9200000	2
Chr5 9200000 9300000	0
Chr5 9300000 9400000	0
Chr5 9400000 9500000	0
Chr5 9500000 9600000	1
Chr5 9600000 9700000	0
Chr5 9700000 9800000	0
Chr5 9800000 9900000	0
Chr5 9900000 10000000	0
Chr5 10000000 10100000	1
Chr5 10100000 10200000	0
Chr5 10200000 10300000	0
Chr5 10300000 10400000	0
Chr5 10400000 10500000	0
Chr5 10500000 10600000	0
Chr5 10600000 10700000	0
Chr5 10700000 10800000	1
Chr5 10800000 10900000	0
Chr5 10900000 11000000	1
Chr5 11000000 11100000	3
Chr5 11100000 11200000	1
Chr5 11200000 11300000	0
Chr5 11300000 11400000	0
Chr5 11400000 11500000	0
Chr5 11500000 11600000	0
Chr5 11600000 11700000	0
Chr5 11700000 11800000	2
Chr5 11800000 11900000	0
Chr5 11900000 12000000	0
Chr5 12000000 12100000	1
Chr5 12100000 12200000	0
Chr5 12200000 12300000	0
Chr5 12300000 12400000	0
Chr5 12400000 12500000	0
Chr5 12500000 12600000	0
Chr5 12600000 12700000	1
Chr5 12700000 12800000	1
Chr5 12800000 12900000	1
Chr5 12900000 13000000	1
Chr5 13000000 13100000	0
Chr5 13100000 13200000	1
Chr5 13200000 13300000	1
Chr5 13300000 13400000	0
Chr5 13400000 13500000	1
Chr5 13500000 13600000	5
Chr5 13600000 13700000	1
Chr5 13700000 13800000	2
Chr5 13800000 13900000	0
Chr5 13900000 14000000	0
Chr5 14000000 14100000	2
Chr5 14100000 14200000	0
Chr5 14200000 14300000	0
Chr5 14300000 14400000	0
Chr5 14400000 14500000	0
Chr5 14500000 14600000	0
Chr5 14600000 14700000	1
Chr5 14700000 14800000	0
Chr5 14800000 14900000	0
Chr5 14900000 15000000	0
Chr5 15000000 15100000	1
Chr5 15100000 15200000	3
Chr5 15200000 15300000	1
Chr5 15300000 15400000	0
Chr5 15400000 15500000	0
Chr5 15500000 15600000	0
Chr5 15600000 15700000	0
Chr5 15700000 15800000	0
Chr5 15800000 15900000	0
Chr5 15900000 16000000	1
Chr5 16000000 16100000	0
Chr5 16100000 16200000	0
Chr5 16200000 16300000	12
Chr5 16300000 16400000	28
Chr5 16400000 16500000	85
Chr5 16500000 16600000	92
Chr5 16600000 16700000	64
Chr5 16700000 16800000	53
Chr5 16800000 16900000	79
Chr5 16900000 17000000	31
Chr5 17000000 17100000	46
Chr5 17100000 17200000	39
Chr5 17200000 17300000	139
Chr5 17300000 17400000	136
Chr5 17400000 17500000	117
Chr5 17500000 17600000	25
Chr5 17600000 17700000	89
Chr5 17700000 17800000	69
Chr5 17800000 17900000	57
Chr5 17900000 18000000	5
Chr5 18000000 18100000	3
Chr5 18100000 18200000	1
Chr5 18200000 18300000	9
Chr5 18300000 18400000	4
Chr5 18400000 18500000	9
Chr5 18500000 18600000	113
Chr5 18600000 18700000	160
Chr5 18700000 18800000	44
Chr5 18800000 18900000	58
Chr5 18900000 19000000	112
Chr5 19000000 19100000	190
Chr5 19100000 19200000	157
Chr5 19200000 19300000	152
Chr5 19300000 19400000	136
Chr5 19400000 19500000	117
Chr5 19500000 19600000	140
Chr5 19600000 19700000	118
Chr5 19700000 19800000	139
Chr5 19800000 19900000	155
Chr5 19900000 20000000	119
Chr5 20000000 20100000	236
Chr5 20100000 20200000	55
Chr5 20200000 20300000	33
Chr5 20300000 20400000	143
Chr5 20400000 20500000	88
Chr5 20500000 20600000	99
Chr5 20600000 20700000	54
Chr5 20700000 20800000	51
Chr5 20800000 20900000	83
Chr5 20900000 21000000	107
Chr5 21000000 21100000	58
Chr5 21100000 21200000	153
Chr5 21200000 21300000	191
Chr5 21300000 21400000	147
Chr5 21400000 21500000	132
Chr5 21500000 21600000	162
Chr5 21600000 21700000	125
Chr5 21700000 21800000	133
Chr5 21800000 21900000	62
Chr5 21900000 22000000	85
Chr5 22000000 22100000	3
Chr5 22100000 22200000	27
Chr5 22200000 22300000	126
Chr5 22300000 22400000	134
Chr5 22400000 22500000	156
Chr5 22500000 22600000	59
Chr5 22600000 22700000	97
Chr5 22700000 22800000	121
Chr5 22800000 22900000	174
Chr5 22900000 23000000	134
Chr5 23000000 23100000	109
Chr5 23100000 23200000	137
Chr5 23200000 23300000	91
Chr5 23300000 23400000	147
Chr5 23400000 23500000	147
Chr5 23500000 23600000	81
Chr5 23600000 23700000	131
Chr5 23700000 23800000	90
Chr5 23800000 23900000	101
Chr5 23900000 24000000	16
Chr5 24000000 24100000	15
Chr5 24100000 24200000	13
Chr5 24200000 24300000	9
Chr5 24300000 24400000	134
Chr5 24400000 24500000	50
Chr5 24500000 24600000	86
Chr5 24600000 24700000	111
Chr5 24700000 24800000	133
Chr5 24800000 24900000	65
Chr5 24900000 25000000	190
Chr5 25000000 25100000	120
Chr5 25100000 25200000	11
Chr5 25200000 25300000	5
Chr5 25300000 25400000	5
Chr5 25400000 25500000	11
Chr5 25500000 25600000	9
Chr5 25600000 25700000	2
Chr5 25700000 25800000	253
Chr5 25800000 25900000	108
Chr5 25900000 26000000	78
Chr5 26000000 26100000	97
Chr5 26100000 26200000	118
Chr5 26200000 26300000	165
Chr5 26300000 26400000	182
Chr5 26400000 26500000	151
Chr5 26500000 26600000	120
Chr5 26600000 26700000	76
Chr5 26700000 26800000	40
Chr5 26800000 26900000	159
Chr5 26900000 27000000	218
Chr5 27000000 27100000	204
Chr5 27100000 27200000	87
Chr5 27200000 27300000	80
Chr5 27300000 27400000	112
Chr5 27400000 27500000	101
Chr5 27500000 27600000	133
Chr5 27600000 27700000	153
Chr5 27700000 27800000	65
Chr5 27800000 27900000	138
Chr5 27900000 28000000	139
Chr5 28000000 28100000	106
Chr5 28100000 28200000	39
Chr5 28200000 28300000	46
Chr5 28300000 28400000	27
Chr5 28400000 28500000	13
Chr5 28500000 28600000	77
Chr5 28600000 28700000	146
Chr5 28700000 28800000	60
Chr5 28800000 28900000	31
Chr5 28900000 29000000	12
Chr5 29000000 29100000	17
Chr5 29100000 29200000	62
Chr5 29200000 29300000	90
Chr5 29300000 29400000	64
Chr5 29400000 29500000	93
Chr5 29500000 29600000	19
Chr5 29600000 29700000	44
Chr5 29700000 29800000	87
Chr5 29800000 29900000	140
Chr5 29900000 30000000	34
Chr5 30000000 30100000	5
Chr5 30100000 30200000	2
Chr5 30200000 30300000	17
Chr5 30300000 30400000	98
Chr5 30400000 30500000	15
Chr5 30500000 30600000	2
Chr6 0 100000	103
Chr6 100000 200000	160
Chr6 200000 300000	130
Chr6 300000 400000	125
Chr6 400000 500000	11
Chr6 500000 600000	92
Chr6 600000 700000	75
Chr6 700000 800000	4
Chr6 800000 900000	9
Chr6 900000 1000000	9
Chr6 1000000 1100000	2
Chr6 1100000 1200000	0
Chr6 1200000 1300000	7
Chr6 1300000 1400000	9
Chr6 1400000 1500000	10
Chr6 1500000 1600000	15
Chr6 1600000 1700000	10
Chr6 1700000 1800000	14
Chr6 1800000 1900000	7
Chr6 1900000 2000000	19
Chr6 2000000 2100000	11
Chr6 2100000 2200000	11
Chr6 2200000 2300000	32
Chr6 2300000 2400000	159
Chr6 2400000 2500000	95
Chr6 2500000 2600000	185
Chr6 2600000 2700000	202
Chr6 2700000 2800000	125
Chr6 2800000 2900000	5
Chr6 2900000 3000000	2
Chr6 3000000 3100000	1
Chr6 3100000 3200000	2
Chr6 3200000 3300000	1
Chr6 3300000 3400000	16
Chr6 3400000 3500000	2
Chr6 3500000 3600000	28
Chr6 3600000 3700000	5
Chr6 3700000 3800000	14
Chr6 3800000 3900000	45
Chr6 3900000 4000000	61
Chr6 4000000 4100000	100
Chr6 4100000 4200000	89
Chr6 4200000 4300000	107
Chr6 4300000 4400000	199
Chr6 4400000 4500000	151
Chr6 4500000 4600000	70
Chr6 4600000 4700000	37
Chr6 4700000 4800000	11
Chr6 4800000 4900000	31
Chr6 4900000 5000000	14
Chr6 5000000 5100000	10
Chr6 5100000 5200000	10
Chr6 5200000 5300000	14
Chr6 5300000 5400000	41
Chr6 5400000 5500000	248
Chr6 5500000 5600000	57
Chr6 5600000 5700000	98
Chr6 5700000 5800000	134
Chr6 5800000 5900000	293
Chr6 5900000 6000000	252
Chr6 6000000 6100000	78
Chr6 6100000 6200000	76
Chr6 6200000 6300000	34
Chr6 6300000 6400000	0
Chr6 6400000 6500000	81
Chr6 6500000 6600000	195
Chr6 6600000 6700000	27
Chr6 6700000 6800000	14
Chr6 6800000 6900000	8
Chr6 6900000 7000000	6
Chr6 7000000 7100000	10
Chr6 7100000 7200000	162
Chr6 7200000 7300000	139
Chr6 7300000 7400000	319
Chr6 7400000 7500000	257
Chr6 7500000 7600000	319
Chr6 7600000 7700000	19
Chr6 7700000 7800000	13
Chr6 7800000 7900000	15
Chr6 7900000 8000000	258
Chr6 8000000 8100000	329
Chr6 8100000 8200000	144
Chr6 8200000 8300000	88
Chr6 8300000 8400000	72
Chr6 8400000 8500000	78
Chr6 8500000 8600000	64
Chr6 8600000 8700000	269
Chr6 8700000 8800000	146
Chr6 8800000 8900000	124
Chr6 8900000 9000000	137
Chr6 9000000 9100000	187
Chr6 9100000 9200000	187
Chr6 9200000 9300000	124
Chr6 9300000 9400000	46
Chr6 9400000 9500000	27
Chr6 9500000 9600000	25
Chr6 9600000 9700000	120
Chr6 9700000 9800000	91
Chr6 9800000 9900000	110
Chr6 9900000 10000000	117
Chr6 10000000 10100000	96
Chr6 10100000 10200000	180
Chr6 10200000 10300000	106
Chr6 10300000 10400000	94
Chr6 10400000 10500000	51
Chr6 10500000 10600000	155
Chr6 10600000 10700000	101
Chr6 10700000 10800000	101
Chr6 10800000 10900000	51
Chr6 10900000 11000000	115
Chr6 11000000 11100000	81
Chr6 11100000 11200000	103
Chr6 11200000 11300000	336
Chr6 11300000 11400000	30
Chr6 11400000 11500000	1
Chr6 11500000 11600000	1
Chr6 11600000 11700000	0
Chr6 11700000 11800000	7
Chr6 11800000 11900000	8
Chr6 11900000 12000000	1
Chr6 12000000 12100000	6
Chr6 12100000 12200000	8
Chr6 12200000 12300000	3
Chr6 12300000 12400000	1
Chr6 12400000 12500000	5
Chr6 12500000 12600000	1
Chr6 12600000 12700000	1
Chr6 12700000 12800000	10
Chr6 12800000 12900000	2
Chr6 12900000 13000000	2
Chr6 13000000 13100000	6
Chr6 13100000 13200000	1
Chr6 13200000 13300000	0
Chr6 13300000 13400000	11
Chr6 13400000 13500000	4
Chr6 13500000 13600000	3
Chr6 13600000 13700000	2
Chr6 13700000 13800000	6
Chr6 13800000 13900000	5
Chr6 13900000 14000000	2
Chr6 14000000 14100000	0
Chr6 14100000 14200000	2
Chr6 14200000 14300000	0
Chr6 14300000 14400000	1
Chr6 14400000 14500000	9
Chr6 14500000 14600000	0
Chr6 14600000 14700000	3
Chr6 14700000 14800000	2
Chr6 14800000 14900000	1
Chr6 14900000 15000000	5
Chr6 15000000 15100000	3
Chr6 15100000 15200000	1
Chr6 15200000 15300000	3
Chr6 15300000 15400000	6
Chr6 15400000 15500000	0
Chr6 15500000 15600000	0
Chr6 15600000 15700000	0
Chr6 15700000 15800000	3
Chr6 15800000 15900000	4
Chr6 15900000 16000000	1
Chr6 16000000 16100000	1
Chr6 16100000 16200000	0
Chr6 16200000 16300000	0
Chr6 16300000 16400000	0
Chr6 16400000 16500000	1
Chr6 16500000 16600000	2
Chr6 16600000 16700000	0
Chr6 16700000 16800000	0
Chr6 16800000 16900000	1
Chr6 16900000 17000000	0
Chr6 17000000 17100000	1
Chr6 17100000 17200000	0
Chr6 17200000 17300000	0
Chr6 17300000 17400000	0
Chr6 17400000 17500000	1
Chr6 17500000 17600000	0
Chr6 17600000 17700000	3
Chr6 17700000 17800000	1
Chr6 17800000 17900000	2
Chr6 17900000 18000000	0
Chr6 18000000 18100000	2
Chr6 18100000 18200000	1
Chr6 18200000 18300000	0
Chr6 18300000 18400000	1
Chr6 18400000 18500000	0
Chr6 18500000 18600000	1
Chr6 18600000 18700000	3
Chr6 18700000 18800000	0
Chr6 18800000 18900000	0
Chr6 18900000 19000000	0
Chr6 19000000 19100000	2
Chr6 19100000 19200000	0
Chr6 19200000 19300000	3
Chr6 19300000 19400000	1
Chr6 19400000 19500000	0
Chr6 19500000 19600000	0
Chr6 19600000 19700000	1
Chr6 19700000 19800000	0
Chr6 19800000 19900000	1
Chr6 19900000 20000000	0
Chr6 20000000 20100000	0
Chr6 20100000 20200000	6
Chr6 20200000 20300000	2
Chr6 20300000 20400000	2
Chr6 20400000 20500000	1
Chr6 20500000 20600000	4
Chr6 20600000 20700000	1
Chr6 20700000 20800000	1
Chr6 20800000 20900000	4
Chr6 20900000 21000000	2
Chr6 21000000 21100000	2
Chr6 21100000 21200000	1
Chr6 21200000 21300000	0
Chr6 21300000 21400000	0
Chr6 21400000 21500000	0
Chr6 21500000 21600000	0
Chr6 21600000 21700000	2
Chr6 21700000 21800000	2
Chr6 21800000 21900000	5
Chr6 21900000 22000000	1
Chr6 22000000 22100000	0
Chr6 22100000 22200000	3
Chr6 22200000 22300000	1
Chr6 22300000 22400000	0
Chr6 22400000 22500000	1
Chr6 22500000 22600000	0
Chr6 22600000 22700000	2
Chr6 22700000 22800000	0
Chr6 22800000 22900000	4
Chr6 22900000 23000000	1
Chr6 23000000 23100000	0
Chr6 23100000 23200000	1
Chr6 23200000 23300000	0
Chr6 23300000 23400000	1
Chr6 23400000 23500000	3
Chr6 23500000 23600000	0
Chr6 23600000 23700000	2
Chr6 23700000 23800000	0
Chr6 23800000 23900000	1
Chr6 23900000 24000000	2
Chr6 24000000 24100000	2
Chr6 24100000 24200000	5
Chr6 24200000 24300000	2
Chr6 24300000 24400000	0
Chr6 24400000 24500000	1
Chr6 24500000 24600000	1
Chr6 24600000 24700000	1
Chr6 24700000 24800000	4
Chr6 24800000 24900000	0
Chr6 24900000 25000000	4
Chr6 25000000 25100000	2
Chr6 25100000 25200000	2
Chr6 25200000 25300000	2
Chr6 25300000 25400000	1
Chr6 25400000 25500000	1
Chr6 25500000 25600000	4
Chr6 25600000 25700000	3
Chr6 25700000 25800000	2
Chr6 25800000 25900000	3
Chr6 25900000 26000000	2
Chr6 26000000 26100000	2
Chr6 26100000 26200000	0
Chr6 26200000 26300000	0
Chr6 26300000 26400000	1
Chr6 26400000 26500000	1
Chr6 26500000 26600000	1
Chr6 26600000 26700000	0
Chr6 26700000 26800000	2
Chr6 26800000 26900000	3
Chr6 26900000 27000000	0
Chr6 27000000 27100000	2
Chr6 27100000 27200000	0
Chr6 27200000 27300000	4
Chr6 27300000 27400000	0
Chr6 27400000 27500000	0
Chr6 27500000 27600000	0
Chr6 27600000 27700000	3
Chr6 27700000 27800000	1
Chr6 27800000 27900000	0
Chr6 27900000 28000000	4
Chr6 28000000 28100000	1
Chr6 28100000 28200000	3
Chr6 28200000 28300000	1
Chr6 28300000 28400000	0
Chr6 28400000 28500000	0
Chr6 28500000 28600000	3
Chr6 28600000 28700000	1
Chr6 28700000 28800000	4
Chr6 28800000 28900000	0
Chr6 28900000 29000000	0
Chr6 29000000 29100000	3
Chr6 29100000 29200000	0
Chr6 29200000 29300000	1
Chr6 29300000 29400000	1
Chr6 29400000 29500000	3
Chr6 29500000 29600000	0
Chr6 29600000 29700000	1
Chr6 29700000 29800000	0
Chr6 29800000 29900000	3
Chr6 29900000 30000000	1
Chr6 30000000 30100000	0
Chr6 30100000 30200000	0
Chr6 30200000 30300000	2
Chr6 30300000 30400000	0
Chr6 30400000 30500000	1
Chr6 30500000 30600000	6
Chr6 30600000 30700000	24
Chr6 30700000 30800000	18
Chr6 30800000 30900000	5
Chr6 30900000 31000000	11
Chr6 31000000 31100000	5
Chr6 31100000 31200000	37
Chr6 31200000 31300000	14
Chr6 31300000 31400000	74
Chr6 31400000 31500000	9
Chr6 31500000 31600000	9
Chr6 31600000 31700000	6
Chr6 31700000 31800000	3
Chr7 100000 200000	121
Chr7 200000 300000	167
Chr7 300000 400000	113
Chr7 400000 500000	110
Chr7 500000 600000	117
Chr7 600000 700000	143
Chr7 700000 800000	153
Chr7 800000 900000	174
Chr7 900000 1000000	174
Chr7 1000000 1100000	119
Chr7 1100000 1200000	69
Chr7 1200000 1300000	134
Chr7 1300000 1400000	170
Chr7 1400000 1500000	135
Chr7 1500000 1600000	96
Chr7 1600000 1700000	232
Chr7 1700000 1800000	305
Chr7 1800000 1900000	263
Chr7 1900000 2000000	108
Chr7 2000000 2100000	131
Chr7 2100000 2200000	81
Chr7 2200000 2300000	143
Chr7 2300000 2400000	62
Chr7 2400000 2500000	4
Chr7 2500000 2600000	10
Chr7 2600000 2700000	6
Chr7 2700000 2800000	3
Chr7 2800000 2900000	5
Chr7 2900000 3000000	3
Chr7 3000000 3100000	4
Chr7 3100000 3200000	2
Chr7 3200000 3300000	3
Chr7 3300000 3400000	0
Chr7 3400000 3500000	35
Chr7 3500000 3600000	121
Chr7 3600000 3700000	8
Chr7 3700000 3800000	8
Chr7 3800000 3900000	6
Chr7 3900000 4000000	9
Chr7 4000000 4100000	6
Chr7 4100000 4200000	5
Chr7 4200000 4300000	11
Chr7 4300000 4400000	4
Chr7 4400000 4500000	7
Chr7 4500000 4600000	8
Chr7 4600000 4700000	7
Chr7 4700000 4800000	4
Chr7 4800000 4900000	7
Chr7 4900000 5000000	1
Chr7 5000000 5100000	0
Chr7 5100000 5200000	24
Chr7 5200000 5300000	2
Chr7 5300000 5400000	8
Chr7 5400000 5500000	7
Chr7 5500000 5600000	4
Chr7 5600000 5700000	85
Chr7 5700000 5800000	139
Chr7 5800000 5900000	231
Chr7 5900000 6000000	125
Chr7 6000000 6100000	170
Chr7 6100000 6200000	5
Chr7 6200000 6300000	140
Chr7 6300000 6400000	68
Chr7 6400000 6500000	97
Chr7 6500000 6600000	24
Chr7 6600000 6700000	4
Chr7 6700000 6800000	6
Chr7 6800000 6900000	8
Chr7 6900000 7000000	5
Chr7 7000000 7100000	199
Chr7 7100000 7200000	47
Chr7 7200000 7300000	28
Chr7 7300000 7400000	2
Chr7 7400000 7500000	0
Chr7 7500000 7600000	4
Chr7 7600000 7700000	8
Chr7 7700000 7800000	9
Chr7 7800000 7900000	24
Chr7 7900000 8000000	13
Chr7 8000000 8100000	48
Chr7 8100000 8200000	37
Chr7 8200000 8300000	103
Chr7 8300000 8400000	2
Chr7 8400000 8500000	7
Chr7 8500000 8600000	5
Chr7 8600000 8700000	8
Chr7 8700000 8800000	4
Chr7 8800000 8900000	60
Chr7 8900000 9000000	71
Chr7 9000000 9100000	48
Chr7 9100000 9200000	63
Chr7 9200000 9300000	27
Chr7 9300000 9400000	51
Chr7 9400000 9500000	52
Chr7 9500000 9600000	2
Chr7 9600000 9700000	3
Chr7 9700000 9800000	1
Chr7 9800000 9900000	0
Chr7 9900000 10000000	1
Chr7 10000000 10100000	3
Chr7 10100000 10200000	3
Chr7 10200000 10300000	4
Chr7 10300000 10400000	3
Chr7 10400000 10500000	3
Chr7 10500000 10600000	3
Chr7 10600000 10700000	0
Chr7 10700000 10800000	2
Chr7 10800000 10900000	1
Chr7 10900000 11000000	4
Chr7 11000000 11100000	0
Chr7 11100000 11200000	0
Chr7 11200000 11300000	4
Chr7 11300000 11400000	2
Chr7 11400000 11500000	1
Chr7 11500000 11600000	2
Chr7 11600000 11700000	1
Chr7 11700000 11800000	1
Chr7 11800000 11900000	2
Chr7 11900000 12000000	0
Chr7 12000000 12100000	4
Chr7 12100000 12200000	2
Chr7 12200000 12300000	1
Chr7 12300000 12400000	0
Chr7 12400000 12500000	5
Chr7 12500000 12600000	0
Chr7 12600000 12700000	0
Chr7 12700000 12800000	1
Chr7 12800000 12900000	0
Chr7 12900000 13000000	0
Chr7 13000000 13100000	2
Chr7 13100000 13200000	4
Chr7 13200000 13300000	5
Chr7 13300000 13400000	2
Chr7 13400000 13500000	4
Chr7 13500000 13600000	4
Chr7 13600000 13700000	3
Chr7 13700000 13800000	4
Chr7 13800000 13900000	5
Chr7 13900000 14000000	70
Chr7 14000000 14100000	37
Chr7 14100000 14200000	46
Chr7 14200000 14300000	6
Chr7 14300000 14400000	0
Chr7 14400000 14500000	39
Chr7 14500000 14600000	47
Chr7 14600000 14700000	44
Chr7 14700000 14800000	76
Chr7 14800000 14900000	30
Chr7 14900000 15000000	0
Chr7 15000000 15100000	24
Chr7 15100000 15200000	176
Chr7 15200000 15300000	147
Chr7 15300000 15400000	120
Chr7 15400000 15500000	45
Chr7 15500000 15600000	38
Chr7 15600000 15700000	95
Chr7 15700000 15800000	19
Chr7 15800000 15900000	6
Chr7 15900000 16000000	8
Chr7 16000000 16100000	4
Chr7 16100000 16200000	14
Chr7 16200000 16300000	10
Chr7 16300000 16400000	45
Chr7 16400000 16500000	0
Chr7 16500000 16600000	5
Chr7 16600000 16700000	3
Chr7 16700000 16800000	5
Chr7 16800000 16900000	1
Chr7 16900000 17000000	5
Chr7 17000000 17100000	74
Chr7 17100000 17200000	107
Chr7 17200000 17300000	121
Chr7 17300000 17400000	112
Chr7 17400000 17500000	69
Chr7 17500000 17600000	303
Chr7 17600000 17700000	84
Chr7 17700000 17800000	130
Chr7 17800000 17900000	66
Chr7 17900000 18000000	11
Chr7 18000000 18100000	151
Chr7 18100000 18200000	120
Chr7 18200000 18300000	77
Chr7 18300000 18400000	150
Chr7 18400000 18500000	387
Chr7 18500000 18600000	137
Chr7 18600000 18700000	141
Chr7 18700000 18800000	192
Chr7 18800000 18900000	19
Chr7 18900000 19000000	76
Chr7 19000000 19100000	77
Chr7 19100000 19200000	92
Chr7 19200000 19300000	106
Chr7 19300000 19400000	97
Chr7 19400000 19500000	115
Chr7 19500000 19600000	183
Chr7 19600000 19700000	125
Chr7 19700000 19800000	59
Chr7 19800000 19900000	94
Chr7 19900000 20000000	158
Chr7 20000000 20100000	110
Chr7 20100000 20200000	5
Chr7 20200000 20300000	76
Chr7 20300000 20400000	103
Chr7 20400000 20500000	23
Chr7 20500000 20600000	4
Chr7 20600000 20700000	1
Chr7 20700000 20800000	4
Chr7 20800000 20900000	124
Chr7 20900000 21000000	180
Chr7 21000000 21100000	10
Chr7 21100000 21200000	0
Chr7 21200000 21300000	3
Chr7 21300000 21400000	1
Chr7 21400000 21500000	2
Chr7 21500000 21600000	3
Chr7 21600000 21700000	3
Chr7 21700000 21800000	0
Chr7 21800000 21900000	2
Chr7 21900000 22000000	1
Chr7 22000000 22100000	63
Chr7 22100000 22200000	135
Chr7 22200000 22300000	52
Chr7 22300000 22400000	5
Chr7 22400000 22500000	66
Chr7 22500000 22600000	241
Chr7 22600000 22700000	69
Chr7 22700000 22800000	124
Chr7 22800000 22900000	82
Chr7 22900000 23000000	128
Chr7 23000000 23100000	134
Chr7 23100000 23200000	148
Chr7 23200000 23300000	74
Chr7 23300000 23400000	108
Chr7 23400000 23500000	100
Chr7 23500000 23600000	66
Chr7 23600000 23700000	256
Chr7 23700000 23800000	86
Chr7 23800000 23900000	162
Chr7 23900000 24000000	93
Chr7 24000000 24100000	193
Chr7 24100000 24200000	113
Chr7 24200000 24300000	112
Chr7 24300000 24400000	125
Chr7 24400000 24500000	75
Chr7 24500000 24600000	96
Chr7 24600000 24700000	113
Chr7 24700000 24800000	109
Chr7 24800000 24900000	86
Chr7 24900000 25000000	100
Chr7 25000000 25100000	68
Chr7 25100000 25200000	92
Chr7 25200000 25300000	236
Chr7 25300000 25400000	191
Chr7 25400000 25500000	153
Chr7 25500000 25600000	42
Chr7 25600000 25700000	145
Chr7 25700000 25800000	54
Chr7 25800000 25900000	87
Chr7 25900000 26000000	122
Chr7 26000000 26100000	158
Chr7 26100000 26200000	148
Chr7 26200000 26300000	66
Chr7 26300000 26400000	2
Chr7 26400000 26500000	2
Chr7 26500000 26600000	5
Chr7 26600000 26700000	9
Chr7 26700000 26800000	2
Chr7 26800000 26900000	3
Chr7 26900000 27000000	148
Chr7 27000000 27100000	193
Chr7 27100000 27200000	100
Chr7 27200000 27300000	83
Chr7 27300000 27400000	108
Chr7 27400000 27500000	406
Chr7 27500000 27600000	204
Chr7 27600000 27700000	40
Chr7 27700000 27800000	61
Chr7 27800000 27900000	139
Chr7 27900000 28000000	0
Chr7 28000000 28100000	7
Chr7 28100000 28200000	75
Chr7 28200000 28300000	173
Chr7 28300000 28400000	317
Chr7 28400000 28500000	113
Chr7 28500000 28600000	101
Chr7 28600000 28700000	337
Chr7 28700000 28800000	3
Chr7 28800000 28900000	0
Chr7 28900000 29000000	12
Chr7 29000000 29100000	1
Chr7 29100000 29200000	1
Chr7 29200000 29300000	3
Chr7 29300000 29400000	0
Chr7 29400000 29500000	1
Chr7 29500000 29600000	4
Chr7 29600000 29700000	7
Chr7 29700000 29800000	23
Chr7 29800000 29900000	0
Chr7 29900000 30000000	7
Chr7 30000000 30100000	27
Chr7 30100000 30200000	4
Chr7 30200000 30300000	11
Chr7 30300000 30400000	2
Chr7 30400000 30500000	1
Chr8 300000 400000	93
Chr8 400000 500000	106
Chr8 500000 600000	108
Chr8 600000 700000	120
Chr8 700000 800000	9
Chr8 800000 900000	57
Chr8 900000 1000000	46
Chr8 1000000 1100000	69
Chr8 1100000 1200000	23
Chr8 1200000 1300000	33
Chr8 1300000 1400000	5
Chr8 1400000 1500000	21
Chr8 1500000 1600000	50
Chr8 1600000 1700000	48
Chr8 1700000 1800000	35
Chr8 1800000 1900000	119
Chr8 1900000 2000000	92
Chr8 2000000 2100000	35
Chr8 2100000 2200000	23
Chr8 2200000 2300000	19
Chr8 2300000 2400000	42
Chr8 2400000 2500000	55
Chr8 2500000 2600000	49
Chr8 2600000 2700000	20
Chr8 2700000 2800000	74
Chr8 2800000 2900000	1
Chr8 2900000 3000000	29
Chr8 3000000 3100000	43
Chr8 3100000 3200000	139
Chr8 3200000 3300000	308
Chr8 3300000 3400000	35
Chr8 3400000 3500000	37
Chr8 3500000 3600000	10
Chr8 3600000 3700000	91
Chr8 3700000 3800000	198
Chr8 3800000 3900000	294
Chr8 3900000 4000000	180
Chr8 4000000 4100000	100
Chr8 4100000 4200000	42
Chr8 4200000 4300000	113
Chr8 4300000 4400000	111
Chr8 4400000 4500000	121
Chr8 4500000 4600000	80
Chr8 4600000 4700000	114
Chr8 4700000 4800000	207
Chr8 4800000 4900000	85
Chr8 4900000 5000000	72
Chr8 5000000 5100000	94
Chr8 5100000 5200000	222
Chr8 5200000 5300000	319
Chr8 5300000 5400000	98
Chr8 5400000 5500000	128
Chr8 5500000 5600000	186
Chr8 5600000 5700000	148
Chr8 5700000 5800000	196
Chr8 5800000 5900000	38
Chr8 5900000 6000000	235
Chr8 6000000 6100000	3
Chr8 6100000 6200000	0
Chr8 6200000 6300000	2
Chr8 6300000 6400000	1
Chr8 6400000 6500000	0
Chr8 6500000 6600000	5
Chr8 6600000 6700000	125
Chr8 6700000 6800000	88
Chr8 6800000 6900000	218
Chr8 6900000 7000000	71
Chr8 7000000 7100000	0
Chr8 7100000 7200000	0
Chr8 7200000 7300000	15
Chr8 7300000 7400000	13
Chr8 7400000 7500000	19
Chr8 7500000 7600000	0
Chr8 7600000 7700000	0
Chr8 7700000 7800000	26
Chr8 7800000 7900000	15
Chr8 7900000 8000000	32
Chr8 8000000 8100000	77
Chr8 8100000 8200000	34
Chr8 8200000 8300000	44
Chr8 8300000 8400000	161
Chr8 8400000 8500000	244
Chr8 8500000 8600000	44
Chr8 8600000 8700000	121
Chr8 8700000 8800000	192
Chr8 8800000 8900000	107
Chr8 8900000 9000000	60
Chr8 9000000 9100000	43
Chr8 9100000 9200000	265
Chr8 9200000 9300000	368
Chr8 9300000 9400000	84
Chr8 9400000 9500000	188
Chr8 9500000 9600000	433
Chr8 9600000 9700000	136
Chr8 9700000 9800000	253
Chr8 9800000 9900000	74
Chr8 9900000 10000000	12
Chr8 10000000 10100000	68
Chr8 10100000 10200000	162
Chr8 10200000 10300000	38
Chr8 10300000 10400000	88
Chr8 10400000 10500000	72
Chr8 10500000 10600000	66
Chr8 10600000 10700000	61
Chr8 10700000 10800000	15
Chr8 10800000 10900000	21
Chr8 10900000 11000000	73
Chr8 11000000 11100000	79
Chr8 11100000 11200000	80
Chr8 11200000 11300000	65
Chr8 11300000 11400000	55
Chr8 11400000 11500000	31
Chr8 11500000 11600000	90
Chr8 11600000 11700000	71
Chr8 11700000 11800000	83
Chr8 11800000 11900000	39
Chr8 11900000 12000000	36
Chr8 12000000 12100000	73
Chr8 12100000 12200000	20
Chr8 12200000 12300000	85
Chr8 12300000 12400000	101
Chr8 12400000 12500000	95
Chr8 12500000 12600000	49
Chr8 12600000 12700000	25
Chr8 12700000 12800000	61
Chr8 12800000 12900000	11
Chr8 12900000 13000000	0
Chr8 13000000 13100000	1
Chr8 13100000 13200000	8
Chr8 13200000 13300000	8
Chr8 13300000 13400000	1
Chr8 13400000 13500000	20
Chr8 13500000 13600000	3
Chr8 13600000 13700000	5
Chr8 13700000 13800000	10
Chr8 13800000 13900000	5
Chr8 13900000 14000000	16
Chr8 14000000 14100000	9
Chr8 14100000 14200000	4
Chr8 14200000 14300000	4
Chr8 14300000 14400000	4
Chr8 14400000 14500000	26
Chr8 14500000 14600000	6
Chr8 14600000 14700000	1
Chr8 14700000 14800000	47
Chr8 14800000 14900000	23
Chr8 14900000 15000000	21
Chr8 15000000 15100000	24
Chr8 15100000 15200000	9
Chr8 15200000 15300000	0
Chr8 15300000 15400000	21
Chr8 15400000 15500000	69
Chr8 15500000 15600000	50
Chr8 15600000 15700000	14
Chr8 15700000 15800000	58
Chr8 15800000 15900000	54
Chr8 15900000 16000000	23
Chr8 16000000 16100000	1
Chr8 16100000 16200000	1
Chr8 16200000 16300000	1
Chr8 16300000 16400000	1
Chr8 16400000 16500000	0
Chr8 16500000 16600000	2
Chr8 16600000 16700000	1
Chr8 16700000 16800000	3
Chr8 16800000 16900000	2
Chr8 16900000 17000000	0
Chr8 17000000 17100000	1
Chr8 17100000 17200000	0
Chr8 17200000 17300000	1
Chr8 17300000 17400000	0
Chr8 17400000 17500000	4
Chr8 17500000 17600000	3
Chr8 17600000 17700000	2
Chr8 17700000 17800000	2
Chr8 17800000 17900000	2
Chr8 17900000 18000000	3
Chr8 18000000 18100000	4
Chr8 18100000 18200000	1
Chr8 18200000 18300000	0
Chr8 18300000 18400000	3
Chr8 18400000 18500000	6
Chr8 18500000 18600000	0
Chr8 18600000 18700000	3
Chr8 18700000 18800000	9
Chr8 18800000 18900000	45
Chr8 18900000 19000000	58
Chr8 19000000 19100000	12
Chr8 19100000 19200000	0
Chr8 19200000 19300000	1
Chr8 19300000 19400000	4
Chr8 19400000 19500000	10
Chr8 19500000 19600000	7
Chr8 19600000 19700000	2
Chr8 19700000 19800000	3
Chr8 19800000 19900000	73
Chr8 19900000 20000000	111
Chr8 20000000 20100000	108
Chr8 20100000 20200000	48
Chr8 20200000 20300000	97
Chr8 20300000 20400000	79
Chr8 20400000 20500000	164
Chr8 20500000 20600000	248
Chr8 20600000 20700000	14
Chr8 20700000 20800000	1
Chr8 20800000 20900000	5
Chr8 20900000 21000000	0
Chr8 21000000 21100000	2
Chr8 21100000 21200000	1
Chr8 21200000 21300000	3
Chr8 21300000 21400000	4
Chr8 21400000 21500000	0
Chr8 21500000 21600000	1
Chr8 21600000 21700000	5
Chr8 21700000 21800000	2
Chr8 21800000 21900000	8
Chr8 21900000 22000000	2
Chr8 22000000 22100000	3
Chr8 22100000 22200000	0
Chr8 22200000 22300000	2
Chr8 22300000 22400000	4
Chr8 22400000 22500000	0
Chr8 22500000 22600000	3
Chr8 22600000 22700000	3
Chr8 22700000 22800000	3
Chr8 22800000 22900000	7
Chr8 22900000 23000000	7
Chr8 23000000 23100000	9
Chr8 23100000 23200000	5
Chr8 23200000 23300000	3
Chr8 23300000 23400000	5
Chr8 23400000 23500000	5
Chr8 23500000 23600000	1
Chr8 23600000 23700000	5
Chr8 23700000 23800000	4
Chr8 23800000 23900000	7
Chr8 23900000 24000000	13
Chr8 24000000 24100000	5
Chr8 24100000 24200000	5
Chr8 24200000 24300000	6
Chr8 24300000 24400000	13
Chr8 24400000 24500000	3
Chr8 24500000 24600000	3
Chr8 24600000 24700000	5
Chr8 24700000 24800000	4
Chr8 24800000 24900000	1
Chr8 24900000 25000000	2
Chr8 25000000 25100000	9
Chr8 25100000 25200000	6
Chr8 25200000 25300000	12
Chr8 25300000 25400000	4
Chr8 25400000 25500000	12
Chr8 25500000 25600000	3
Chr8 25600000 25700000	10
Chr8 25700000 25800000	8
Chr8 25800000 25900000	10
Chr8 25900000 26000000	4
Chr8 26000000 26100000	12
Chr8 26100000 26200000	5
Chr8 26200000 26300000	72
Chr8 26300000 26400000	181
Chr8 26400000 26500000	29
Chr8 26500000 26600000	156
Chr8 26600000 26700000	108
Chr8 26700000 26800000	181
Chr8 26800000 26900000	135
Chr8 26900000 27000000	50
Chr8 27000000 27100000	43
Chr8 27100000 27200000	10
Chr8 27200000 27300000	150
Chr8 27300000 27400000	67
Chr8 27400000 27500000	74
Chr8 27500000 27600000	33
Chr8 27600000 27700000	10
Chr8 27700000 27800000	5
Chr8 27800000 27900000	50
Chr8 27900000 28000000	72
Chr8 28000000 28100000	62
Chr8 28100000 28200000	77
Chr8 28200000 28300000	59
Chr8 28300000 28400000	15
Chr8 28400000 28500000	74
Chr8 28500000 28600000	119
Chr8 28600000 28700000	65
Chr8 28700000 28800000	364
Chr8 28800000 28900000	86
Chr8 28900000 29000000	51
Chr8 29000000 29100000	128
Chr8 29100000 29200000	100
Chr8 29200000 29300000	86
Chr8 29300000 29400000	56
Chr8 29400000 29500000	40
Chr8 29500000 29600000	15
Chr8 29600000 29700000	18
Chr8 29700000 29800000	38
Chr8 29800000 29900000	5
Chr8 29900000 30000000	14
Chr8 30000000 30100000	6
Chr8 30100000 30200000	2
Chr9 200000 300000	2
Chr9 300000 400000	0
Chr9 400000 500000	1
Chr9 500000 600000	1
Chr9 600000 700000	0
Chr9 700000 800000	2
Chr9 800000 900000	1
Chr9 900000 1000000	0
Chr9 1000000 1100000	1
Chr9 1100000 1200000	1
Chr9 1200000 1300000	2
Chr9 1300000 1400000	0
Chr9 1400000 1500000	0
Chr9 1500000 1600000	0
Chr9 1600000 1700000	0
Chr9 1700000 1800000	1
Chr9 1800000 1900000	0
Chr9 1900000 2000000	2
Chr9 2000000 2100000	0
Chr9 2100000 2200000	1
Chr9 2200000 2300000	0
Chr9 2300000 2400000	0
Chr9 2400000 2500000	0
Chr9 2500000 2600000	2
Chr9 2600000 2700000	0
Chr9 2700000 2800000	1
Chr9 2800000 2900000	0
Chr9 2900000 3000000	0
Chr9 3000000 3100000	0
Chr9 3100000 3200000	0
Chr9 3200000 3300000	0
Chr9 3300000 3400000	0
Chr9 3400000 3500000	0
Chr9 3500000 3600000	2
Chr9 3600000 3700000	0
Chr9 3700000 3800000	0
Chr9 3800000 3900000	1
Chr9 3900000 4000000	0
Chr9 4000000 4100000	3
Chr9 4100000 4200000	2
Chr9 4200000 4300000	1
Chr9 4300000 4400000	0
Chr9 4400000 4500000	1
Chr9 4500000 4600000	2
Chr9 4600000 4700000	1
Chr9 4700000 4800000	1
Chr9 4800000 4900000	0
Chr9 4900000 5000000	2
Chr9 5000000 5100000	39
Chr9 5100000 5200000	93
Chr9 5200000 5300000	282
Chr9 5300000 5400000	135
Chr9 5400000 5500000	55
Chr9 5500000 5600000	149
Chr9 5600000 5700000	205
Chr9 5700000 5800000	111
Chr9 5800000 5900000	88
Chr9 5900000 6000000	132
Chr9 6000000 6100000	53
Chr9 6100000 6200000	80
Chr9 6200000 6300000	109
Chr9 6300000 6400000	51
Chr9 6400000 6500000	82
Chr9 6500000 6600000	64
Chr9 6600000 6700000	57
Chr9 6700000 6800000	63
Chr9 6800000 6900000	65
Chr9 6900000 7000000	78
Chr9 7000000 7100000	94
Chr9 7100000 7200000	130
Chr9 7200000 7300000	90
Chr9 7300000 7400000	66
Chr9 7400000 7500000	42
Chr9 7500000 7600000	62
Chr9 7600000 7700000	265
Chr9 7700000 7800000	63
Chr9 7800000 7900000	142
Chr9 7900000 8000000	104
Chr9 8000000 8100000	111
Chr9 8100000 8200000	3
Chr9 8200000 8300000	0
Chr9 8300000 8400000	0
Chr9 8400000 8500000	99
Chr9 8500000 8600000	113
Chr9 8600000 8700000	147
Chr9 8700000 8800000	49
Chr9 8800000 8900000	48
Chr9 8900000 9000000	13
Chr9 9000000 9100000	1
Chr9 9100000 9200000	1
Chr9 9200000 9300000	3
Chr9 9300000 9400000	94
Chr9 9400000 9500000	140
Chr9 9500000 9600000	154
Chr9 9600000 9700000	133
Chr9 9700000 9800000	73
Chr9 9800000 9900000	256
Chr9 9900000 10000000	38
Chr9 10000000 10100000	69
Chr9 10100000 10200000	65
Chr9 10200000 10300000	135
Chr9 10300000 10400000	155
Chr9 10400000 10500000	113
Chr9 10500000 10600000	83
Chr9 10600000 10700000	38
Chr9 10700000 10800000	144
Chr9 10800000 10900000	174
Chr9 10900000 11000000	185
Chr9 11000000 11100000	318
Chr9 11100000 11200000	43
Chr9 11200000 11300000	111
Chr9 11300000 11400000	106
Chr9 11400000 11500000	108
Chr9 11500000 11600000	105
Chr9 11600000 11700000	32
Chr9 11700000 11800000	125
Chr9 11800000 11900000	200
Chr9 11900000 12000000	226
Chr9 12000000 12100000	86
Chr9 12100000 12200000	29
Chr9 12200000 12300000	4
Chr9 12300000 12400000	3
Chr9 12400000 12500000	1
Chr9 12500000 12600000	1
Chr9 12600000 12700000	0
Chr9 12700000 12800000	6
Chr9 12800000 12900000	6
Chr9 12900000 13000000	1
Chr9 13000000 13100000	0
Chr9 13100000 13200000	4
Chr9 13200000 13300000	3
Chr9 13300000 13400000	8
Chr9 13400000 13500000	2
Chr9 13500000 13600000	4
Chr9 13600000 13700000	0
Chr9 13700000 13800000	56
Chr9 13800000 13900000	2
Chr9 13900000 14000000	4
Chr9 14000000 14100000	8
Chr9 14100000 14200000	151
Chr9 14200000 14300000	72
Chr9 14300000 14400000	87
Chr9 14400000 14500000	36
Chr9 14500000 14600000	39
Chr9 14600000 14700000	48
Chr9 14700000 14800000	87
Chr9 14800000 14900000	54
Chr9 14900000 15000000	54
Chr9 15000000 15100000	2
Chr9 15100000 15200000	1
Chr9 15200000 15300000	2
Chr9 15300000 15400000	2
Chr9 15400000 15500000	2
Chr9 15500000 15600000	2
Chr9 15600000 15700000	3
Chr9 15700000 15800000	2
Chr9 15800000 15900000	1
Chr9 15900000 16000000	2
Chr9 16000000 16100000	7
Chr9 16100000 16200000	1
Chr9 16200000 16300000	2
Chr9 16300000 16400000	1
Chr9 16400000 16500000	2
Chr9 16500000 16600000	1
Chr9 16600000 16700000	1
Chr9 16700000 16800000	3
Chr9 16800000 16900000	1
Chr9 16900000 17000000	83
Chr9 17000000 17100000	67
Chr9 17100000 17200000	78
Chr9 17200000 17300000	40
Chr9 17300000 17400000	139
Chr9 17400000 17500000	107
Chr9 17500000 17600000	148
Chr9 17600000 17700000	98
Chr9 17700000 17800000	154
Chr9 17800000 17900000	135
Chr9 17900000 18000000	126
Chr9 18000000 18100000	34
Chr9 18100000 18200000	124
Chr9 18200000 18300000	102
Chr9 18300000 18400000	120
Chr9 18400000 18500000	112
Chr9 18500000 18600000	108
Chr9 18600000 18700000	159
Chr9 18700000 18800000	156
Chr9 18800000 18900000	119
Chr9 18900000 19000000	153
Chr9 19000000 19100000	124
Chr9 19100000 19200000	135
Chr9 19200000 19300000	151
Chr9 19300000 19400000	141
Chr9 19400000 19500000	128
Chr9 19500000 19600000	98
Chr9 19600000 19700000	0
Chr9 19700000 19800000	0
Chr9 19800000 19900000	70
Chr9 19900000 20000000	147
Chr9 20000000 20100000	156
Chr9 20100000 20200000	175
Chr9 20200000 20300000	183
Chr9 20300000 20400000	168
Chr9 20400000 20500000	131
Chr9 20500000 20600000	175
Chr9 20600000 20700000	125
Chr9 20700000 20800000	209
Chr9 20800000 20900000	102
Chr9 20900000 21000000	130
Chr9 21000000 21100000	68
Chr9 21100000 21200000	133
Chr9 21200000 21300000	183
Chr9 21300000 21400000	97
Chr9 21400000 21500000	4
Chr9 21500000 21600000	68
Chr9 21600000 21700000	25
Chr9 21700000 21800000	47
Chr9 21800000 21900000	133
Chr9 21900000 22000000	114
Chr9 22000000 22100000	87
Chr9 22100000 22200000	228
Chr9 22200000 22300000	219
Chr9 22300000 22400000	300
Chr9 22400000 22500000	217
Chr9 22500000 22600000	167
Chr9 22600000 22700000	36
Chr9 22700000 22800000	7
Chr9 22800000 22900000	3
Chr9 22900000 23000000	6
