Chr1	1	3000000	27.34
Chr1	300001	3300000	24.83
Chr1	600001	3600000	22.83
Chr1	900001	3900000	17.85
Chr1	1200001	4200000	15.91
Chr1	1500001	4500000	13.58
Chr1	1800001	4800000	16.30
Chr1	2100001	5100000	17.09
Chr1	2400001	5400000	17.21
Chr1	2700001	5700000	13.89
Chr1	3000001	6000000	12.08
Chr1	3300001	6300000	12.55
Chr1	3600001	6600000	16.92
Chr1	3900001	6900000	17.33
Chr1	4200001	7200000	18.03
Chr1	4500001	7500000	19.36
Chr1	4800001	7800000	18.67
Chr1	5100001	8100000	22.81
Chr1	5400001	8400000	22.56
Chr1	5700001	8700000	24.96
Chr1	6000001	9000000	27.54
Chr1	6300001	9300000	27.99
Chr1	6600001	9600000	25.25
Chr1	6900001	9900000	25.57
Chr1	7200001	10200000	26.23
Chr1	7500001	10500000	26.45
Chr1	7800001	10800000	24.80
Chr1	8100001	11100000	21.96
Chr1	8400001	11400000	22.15
Chr1	8700001	11700000	23.32
Chr1	9000001	12000000	21.36
Chr1	9300001	12300000	20.67
Chr1	9600001	12600000	19.53
Chr1	9900001	12900000	19.37
Chr1	10200001	13200000	21.04
Chr1	10500001	13500000	21.59
Chr1	10800001	13800000	21.83
Chr1	11100001	14100000	24.33
Chr1	11400001	14400000	22.79
Chr1	11700001	14700000	22.26
Chr1	12000001	15000000	22.57
Chr1	12300001	15300000	24.00
Chr1	12600001	15600000	23.67
Chr1	12900001	15900000	22.31
Chr1	13200001	16200000	19.74
Chr1	13500001	16500000	20.17
Chr1	13800001	16800000	19.36
Chr1	14100001	17100000	17.49
Chr1	14400001	17400000	16.70
Chr1	14700001	17700000	15.45
Chr1	15000001	18000000	15.65
Chr1	15300001	18300000	16.11
Chr1	15600001	18600000	16.01
Chr1	15900001	18900000	16.69
Chr1	16200001	19200000	16.13
Chr1	16500001	19500000	14.65
Chr1	16800001	19800000	16.54
Chr1	17100001	20100000	18.78
Chr1	17400001	20400000	22.12
Chr1	17700001	20700000	25.08
Chr1	18000001	21000000	24.91
Chr1	18300001	21300000	24.47
Chr1	18600001	21600000	25.44
Chr1	18900001	21900000	24.60
Chr1	19200001	22200000	25.45
Chr1	19500001	22500000	25.75
Chr1	19800001	22800000	23.53
Chr1	20100001	23100000	21.43
Chr1	20400001	23400000	19.28
Chr1	20700001	23700000	18.55
Chr1	21000001	24000000	18.10
Chr1	21300001	24300000	18.14
Chr1	21600001	24600000	20.26
Chr1	21900001	24900000	19.94
Chr1	22200001	25200000	20.57
Chr1	22500001	25500000	19.17
Chr1	22800001	25800000	19.69
Chr1	23100001	26100000	22.69
Chr1	23400001	26400000	25.40
Chr1	23700001	26700000	25.25
Chr1	24000001	27000000	23.67
Chr1	24300001	27300000	21.58
Chr1	24600001	27600000	18.77
Chr1	24900001	27900000	24.32
Chr1	25200001	28200000	25.72
Chr1	25500001	28500000	28.94
Chr1	25800001	28800000	29.16
Chr1	26100001	29100000	25.85
Chr1	26400001	29400000	27.34
Chr1	26700001	29700000	25.43
Chr1	27000001	30000000	26.85
Chr1	27300001	30300000	28.31
Chr1	27600001	30600000	29.24
Chr1	27900001	30900000	24.25
Chr1	28200001	31200000	21.18
Chr1	28500001	31500000	18.17
Chr1	28800001	31800000	22.11
Chr1	29100001	32100000	20.44
Chr1	29400001	32400000	16.34
Chr1	29700001	32700000	20.38
Chr1	30000001	33000000	20.80
Chr1	30300001	33300000	19.17
Chr1	30600001	33600000	15.41
Chr1	30900001	33900000	14.36
Chr1	31200001	34200000	15.18
Chr1	31500001	34500000	14.75
Chr1	31800001	34800000	12.86
Chr1	32100001	35100000	19.41
Chr1	32400001	35400000	21.92
Chr1	32700001	35700000	23.54
Chr1	33000001	36000000	22.37
Chr1	33300001	36300000	21.82
Chr1	33600001	36600000	21.58
Chr1	33900001	36900000	21.26
Chr1	34200001	37200000	22.41
Chr1	34500001	37500000	22.40
Chr1	34800001	37800000	23.86
Chr1	35100001	38100000	18.83
Chr1	35400001	38400000	20.67
Chr1	35700001	38700000	15.14
Chr1	36000001	39000000	20.07
Chr1	36300001	39300000	22.47
Chr1	36600001	39600000	23.78
Chr1	36900001	39900000	25.27
Chr1	37200001	40200000	23.17
Chr1	37500001	40500000	28.11
Chr1	37800001	40800000	25.25
Chr1	38100001	41100000	24.85
Chr1	38400001	41400000	20.52
Chr1	38700001	41700000	23.44
Chr1	39000001	42000000	20.13
Chr1	39300001	42300000	17.02
Chr1	39600001	42600000	19.14
Chr1	39900001	42900000	21.32
Chr1	40200001	43200000	22.19
Chr1	40500001	43500000	17.64
Chr1	40800001	43788308	20.68
Chr2	1	3000000	28.88
Chr2	300001	3300000	31.15
Chr2	600001	3600000	32.06
Chr2	900001	3900000	34.62
Chr2	1200001	4200000	34.31
Chr2	1500001	4500000	33.74
Chr2	1800001	4800000	31.24
Chr2	2100001	5100000	30.67
Chr2	2400001	5400000	27.71
Chr2	2700001	5700000	31.20
Chr2	3000001	6000000	27.99
Chr2	3300001	6300000	28.61
Chr2	3600001	6600000	27.66
Chr2	3900001	6900000	23.35
Chr2	4200001	7200000	25.57
Chr2	4500001	7500000	25.43
Chr2	4800001	7800000	24.48
Chr2	5100001	8100000	25.01
Chr2	5400001	8400000	25.27
Chr2	5700001	8700000	23.88
Chr2	6000001	9000000	24.36
Chr2	6300001	9300000	23.62
Chr2	6600001	9600000	20.68
Chr2	6900001	9900000	19.59
Chr2	7200001	10200000	19.04
Chr2	7500001	10500000	22.00
Chr2	7800001	10800000	24.31
Chr2	8100001	11100000	26.58
Chr2	8400001	11400000	27.06
Chr2	8700001	11700000	27.59
Chr2	9000001	12000000	28.23
Chr2	9300001	12300000	28.50
Chr2	9600001	12600000	29.78
Chr2	9900001	12900000	30.35
Chr2	10200001	13200000	31.50
Chr2	10500001	13500000	29.78
Chr2	10800001	13800000	29.17
Chr2	11100001	14100000	24.74
Chr2	11400001	14400000	21.60
Chr2	11700001	14700000	21.96
Chr2	12000001	15000000	23.16
Chr2	12300001	15300000	20.40
Chr2	12600001	15600000	21.96
Chr2	12900001	15900000	21.85
Chr2	13200001	16200000	22.12
Chr2	13500001	16500000	21.94
Chr2	13800001	16800000	19.59
Chr2	14100001	17100000	21.36
Chr2	14400001	17400000	24.83
Chr2	14700001	17700000	24.31
Chr2	15000001	18000000	23.86
Chr2	15300001	18300000	25.26
Chr2	15600001	18600000	23.30
Chr2	15900001	18900000	25.65
Chr2	16200001	19200000	23.29
Chr2	16500001	19500000	22.09
Chr2	16800001	19800000	24.67
Chr2	17100001	20100000	24.92
Chr2	17400001	20400000	21.91
Chr2	17700001	20700000	20.16
Chr2	18000001	21000000	20.07
Chr2	18300001	21300000	20.72
Chr2	18600001	21600000	21.72
Chr2	18900001	21900000	22.69
Chr2	19200001	22200000	25.81
Chr2	19500001	22500000	27.68
Chr2	19800001	22800000	25.05
Chr2	20100001	23100000	25.54
Chr2	20400001	23400000	24.99
Chr2	20700001	23700000	25.82
Chr2	21000001	24000000	22.35
Chr2	21300001	24300000	26.02
Chr2	21600001	24600000	24.10
Chr2	21900001	24900000	20.84
Chr2	22200001	25200000	18.28
Chr2	22500001	25500000	18.45
Chr2	22800001	25800000	23.39
Chr2	23100001	26100000	23.60
Chr2	23400001	26400000	26.05
Chr2	23700001	26700000	26.12
Chr2	24000001	27000000	28.79
Chr2	24300001	27300000	25.60
Chr2	24600001	27600000	27.53
Chr2	24900001	27900000	28.21
Chr2	25200001	28200000	27.61
Chr2	25500001	28500000	27.42
Chr2	25800001	28800000	26.57
Chr2	26100001	29100000	24.95
Chr2	26400001	29400000	21.11
Chr2	26700001	29700000	20.00
Chr2	27000001	30000000	17.90
Chr2	27300001	30300000	19.74
Chr2	27600001	30600000	19.41
Chr2	27900001	30900000	15.52
Chr2	28200001	31200000	18.31
Chr2	28500001	31500000	18.25
Chr2	28800001	31800000	16.88
Chr2	29100001	32100000	21.53
Chr2	29400001	32400000	22.34
Chr2	29700001	32700000	23.52
Chr2	30000001	33000000	24.79
Chr2	30300001	33300000	23.45
Chr2	30600001	33600000	24.24
Chr2	30900001	33900000	27.32
Chr2	31200001	34200000	23.21
Chr2	31500001	34500000	24.92
Chr2	31800001	34800000	25.19
Chr2	32100001	35100000	20.95
Chr2	32400001	35400000	22.94
Chr2	32700001	35700000	23.82
Chr2	33000001	36000000	21.61
Chr2	33300001	36300000	23.09
Chr2	33600001	36600000	21.14
Chr2	33900001	36900000	24.64
Chr2	34200001	37200000	26.56
Chr2	34500001	37500000	23.15
Chr2	34800001	37679110	20.15
Chr3	1	3000000	26.09
Chr3	300001	3300000	22.87
Chr3	600001	3600000	28.47
Chr3	900001	3900000	30.84
Chr3	1200001	4200000	31.40
Chr3	1500001	4500000	30.57
Chr3	1800001	4800000	29.55
Chr3	2100001	5100000	29.46
Chr3	2400001	5400000	26.01
Chr3	2700001	5700000	23.12
Chr3	3000001	6000000	20.06
Chr3	3300001	6300000	21.10
Chr3	3600001	6600000	13.23
Chr3	3900001	6900000	9.46
Chr3	4200001	7200000	16.41
Chr3	4500001	7500000	21.37
Chr3	4800001	7800000	23.86
Chr3	5100001	8100000	28.79
Chr3	5400001	8400000	29.00
Chr3	5700001	8700000	26.15
Chr3	6000001	9000000	26.21
Chr3	6300001	9300000	26.83
Chr3	6600001	9600000	26.01
Chr3	6900001	9900000	24.78
Chr3	7200001	10200000	21.53
Chr3	7500001	10500000	18.75
Chr3	7800001	10800000	17.17
Chr3	8100001	11100000	11.80
Chr3	8400001	11400000	9.04
Chr3	8700001	11700000	9.19
Chr3	9000001	12000000	13.07
Chr3	9300001	12300000	8.24
Chr3	9600001	12600000	8.69
Chr3	9900001	12900000	18.15
Chr3	10200001	13200000	16.73
Chr3	10500001	13500000	16.23
Chr3	10800001	13800000	21.79
Chr3	11100001	14100000	31.89
Chr3	11400001	14400000	30.20
Chr3	11700001	14700000	32.08
Chr3	12000001	15000000	31.59
Chr3	12300001	15300000	31.21
Chr3	12600001	15600000	31.50
Chr3	12900001	15900000	27.75
Chr3	13200001	16200000	29.98
Chr3	13500001	16500000	31.13
Chr3	13800001	16800000	31.35
Chr3	14100001	17100000	24.19
Chr3	14400001	17400000	25.71
Chr3	14700001	17700000	25.37
Chr3	15000001	18000000	24.85
Chr3	15300001	18300000	26.14
Chr3	15600001	18600000	25.24
Chr3	15900001	18900000	28.09
Chr3	16200001	19200000	27.39
Chr3	16500001	19500000	24.40
Chr3	16800001	19800000	22.76
Chr3	17100001	20100000	22.90
Chr3	17400001	20400000	23.35
Chr3	17700001	20700000	25.53
Chr3	18000001	21000000	24.04
Chr3	18300001	21300000	22.68
Chr3	18600001	21600000	20.66
Chr3	18900001	21900000	19.33
Chr3	19200001	22200000	19.97
Chr3	19500001	22500000	21.20
Chr3	19800001	22800000	21.16
Chr3	20100001	23100000	19.92
Chr3	20400001	23400000	19.63
Chr3	20700001	23700000	18.28
Chr3	21000001	24000000	20.28
Chr3	21300001	24300000	21.82
Chr3	21600001	24600000	25.00
Chr3	21900001	24900000	24.58
Chr3	22200001	25200000	24.39
Chr3	22500001	25500000	24.69
Chr3	22800001	25800000	27.12
Chr3	23100001	26100000	27.99
Chr3	23400001	26400000	27.26
Chr3	23700001	26700000	24.49
Chr3	24000001	27000000	23.27
Chr3	24300001	27300000	23.86
Chr3	24600001	27600000	22.72
Chr3	24900001	27900000	24.22
Chr3	25200001	28200000	20.05
Chr3	25500001	28500000	19.34
Chr3	25800001	28800000	14.68
Chr3	26100001	29100000	16.27
Chr3	26400001	29400000	17.25
Chr3	26700001	29700000	20.05
Chr3	27000001	30000000	20.01
Chr3	27300001	30300000	17.38
Chr3	27600001	30600000	21.29
Chr3	27900001	30900000	21.67
Chr3	28200001	31200000	22.81
Chr3	28500001	31500000	20.03
Chr3	28800001	31800000	25.15
Chr3	29100001	32100000	25.98
Chr3	29400001	32400000	21.90
Chr3	29700001	32700000	19.47
Chr3	30000001	33000000	19.79
Chr3	30300001	33300000	23.21
Chr3	30600001	33600000	19.43
Chr3	30900001	33900000	19.17
Chr3	31200001	34200000	21.18
Chr3	31500001	34500000	21.61
Chr3	31800001	34800000	17.00
Chr3	32100001	35100000	14.99
Chr3	32400001	35400000	19.75
Chr3	32700001	35700000	20.80
Chr3	33000001	36000000	19.00
Chr3	33300001	36300000	14.75
Chr3	33600001	36600000	21.21
Chr3	33900001	36900000	24.58
Chr3	34200001	37200000	27.99
Chr3	34500001	37500000	29.78
Chr3	34800001	37800000	33.82
Chr3	35100001	38100000	33.99
Chr3	35400001	38400000	35.16
Chr3	35700001	38700000	36.30
Chr3	36000001	38713935	34.01
Chr4	1	3000000	22.25
Chr4	300001	3300000	25.58
Chr4	600001	3600000	26.27
Chr4	900001	3900000	27.33
Chr4	1200001	4200000	29.81
Chr4	1500001	4500000	31.52
Chr4	1800001	4800000	30.46
Chr4	2100001	5100000	32.08
Chr4	2400001	5400000	31.24
Chr4	2700001	5700000	32.19
Chr4	3000001	6000000	29.94
Chr4	3300001	6300000	28.01
Chr4	3600001	6600000	29.96
Chr4	3900001	6900000	30.07
Chr4	4200001	7200000	28.62
Chr4	4500001	7500000	26.96
Chr4	4800001	7800000	28.02
Chr4	5100001	8100000	28.05
Chr4	5400001	8400000	29.36
Chr4	5700001	8700000	28.12
Chr4	6000001	9000000	30.08
Chr4	6300001	9300000	31.31
Chr4	6600001	9600000	28.95
Chr4	6900001	9900000	27.60
Chr4	7200001	10200000	25.87
Chr4	7500001	10500000	24.37
Chr4	7800001	10800000	26.22
Chr4	8100001	11100000	26.14
Chr4	8400001	11400000	26.55
Chr4	8700001	11700000	26.29
Chr4	9000001	12000000	23.61
Chr4	9300001	12300000	22.08
Chr4	9600001	12600000	23.88
Chr4	9900001	12900000	27.05
Chr4	10200001	13200000	26.77
Chr4	10500001	13500000	28.64
Chr4	10800001	13800000	26.83
Chr4	11100001	14100000	24.98
Chr4	11400001	14400000	21.51
Chr4	11700001	14700000	22.88
Chr4	12000001	15000000	21.87
Chr4	12300001	15300000	21.51
Chr4	12600001	15600000	19.25
Chr4	12900001	15900000	16.04
Chr4	13200001	16200000	17.51
Chr4	13500001	16500000	14.38
Chr4	13800001	16800000	11.18
Chr4	14100001	17100000	12.49
Chr4	14400001	17400000	12.56
Chr4	14700001	17700000	10.12
Chr4	15000001	18000000	11.77
Chr4	15300001	18300000	11.53
Chr4	15600001	18600000	16.16
Chr4	15900001	18900000	19.03
Chr4	16200001	19200000	20.18
Chr4	16500001	19500000	22.32
Chr4	16800001	19800000	24.16
Chr4	17100001	20100000	26.60
Chr4	17400001	20400000	28.31
Chr4	17700001	20700000	28.10
Chr4	18000001	21000000	31.58
Chr4	18300001	21300000	34.39
Chr4	18600001	21600000	28.32
Chr4	18900001	21900000	27.04
Chr4	19200001	22200000	24.43
Chr4	19500001	22500000	27.44
Chr4	19800001	22800000	25.46
Chr4	20100001	23100000	22.00
Chr4	20400001	23400000	20.79
Chr4	20700001	23700000	22.77
Chr4	21000001	24000000	18.61
Chr4	21300001	24300000	18.29
Chr4	21600001	24600000	21.62
Chr4	21900001	24900000	22.57
Chr4	22200001	25200000	25.02
Chr4	22500001	25500000	22.72
Chr4	22800001	25800000	22.93
Chr4	23100001	26100000	24.72
Chr4	23400001	26400000	24.79
Chr4	23700001	26700000	26.02
Chr4	24000001	27000000	24.55
Chr4	24300001	27300000	26.45
Chr4	24600001	27600000	26.84
Chr4	24900001	27900000	24.47
Chr4	25200001	28200000	25.02
Chr4	25500001	28500000	25.36
Chr4	25800001	28800000	25.25
Chr4	26100001	29100000	22.93
Chr4	26400001	29400000	26.54
Chr4	26700001	29700000	24.33
Chr4	27000001	30000000	24.48
Chr4	27300001	30300000	25.29
Chr4	27600001	30600000	25.30
Chr4	27900001	30900000	24.03
Chr4	28200001	31200000	23.05
Chr4	28500001	31500000	22.12
Chr4	28800001	31800000	23.01
Chr4	29100001	32100000	23.31
Chr4	29400001	32400000	22.44
Chr4	29700001	32700000	23.39
Chr4	30000001	33000000	26.06
Chr4	30300001	33300000	22.21
Chr4	30600001	33600000	15.99
Chr4	30900001	33900000	21.20
Chr4	31200001	34200000	20.11
Chr4	31500001	34500000	20.85
Chr4	31800001	34800000	19.69
Chr4	32100001	35100000	21.46
Chr4	32400001	35400000	20.39
Chr4	32700001	35700000	23.13
Chr4	33000001	36000000	21.50
Chr4	33300001	36300000	23.11
Chr4	33600001	36600000	24.73
Chr4	33900001	36900000	27.98
Chr4	34200001	36912540	28.39
Chr5	1	3000000	27.98
Chr5	300001	3300000	27.76
Chr5	600001	3600000	27.26
Chr5	900001	3900000	27.56
Chr5	1200001	4200000	27.84
Chr5	1500001	4500000	29.10
Chr5	1800001	4800000	25.68
Chr5	2100001	5100000	27.33
Chr5	2400001	5400000	28.20
Chr5	2700001	5700000	28.81
Chr5	3000001	6000000	27.78
Chr5	3300001	6300000	30.88
Chr5	3600001	6600000	29.81
Chr5	3900001	6900000	26.86
Chr5	4200001	7200000	24.46
Chr5	4500001	7500000	23.95
Chr5	4800001	7800000	24.51
Chr5	5100001	8100000	23.66
Chr5	5400001	8400000	20.62
Chr5	5700001	8700000	20.96
Chr5	6000001	9000000	19.87
Chr5	6300001	9300000	17.26
Chr5	6600001	9600000	18.77
Chr5	6900001	9900000	20.86
Chr5	7200001	10200000	22.59
Chr5	7500001	10500000	22.17
Chr5	7800001	10800000	23.18
Chr5	8100001	11100000	23.17
Chr5	8400001	11400000	23.14
Chr5	8700001	11700000	25.19
Chr5	9000001	12000000	27.56
Chr5	9300001	12300000	27.34
Chr5	9600001	12600000	26.97
Chr5	9900001	12900000	26.03
Chr5	10200001	13200000	26.07
Chr5	10500001	13500000	26.54
Chr5	10800001	13800000	26.88
Chr5	11100001	14100000	26.92
Chr5	11400001	14400000	28.29
Chr5	11700001	14700000	26.98
Chr5	12000001	15000000	24.75
Chr5	12300001	15300000	24.03
Chr5	12600001	15600000	23.81
Chr5	12900001	15900000	29.53
Chr5	13200001	16200000	31.47
Chr5	13500001	16500000	32.04
Chr5	13800001	16800000	31.29
Chr5	14100001	17100000	30.30
Chr5	14400001	17400000	28.74
Chr5	14700001	17700000	28.39
Chr5	15000001	18000000	29.68
Chr5	15300001	18300000	31.82
Chr5	15600001	18600000	34.37
Chr5	15900001	18900000	29.72
Chr5	16200001	19200000	27.66
Chr5	16500001	19500000	25.13
Chr5	16800001	19800000	26.62
Chr5	17100001	20100000	28.05
Chr5	17400001	20400000	27.18
Chr5	17700001	20700000	26.06
Chr5	18000001	21000000	26.57
Chr5	18300001	21300000	24.37
Chr5	18600001	21600000	20.62
Chr5	18900001	21900000	17.93
Chr5	19200001	22200000	14.98
Chr5	19500001	22500000	16.81
Chr5	19800001	22800000	19.29
Chr5	20100001	23100000	18.18
Chr5	20400001	23400000	19.68
Chr5	20700001	23700000	18.19
Chr5	21000001	24000000	18.14
Chr5	21300001	24300000	18.95
Chr5	21600001	24600000	18.97
Chr5	21900001	24900000	18.53
Chr5	22200001	25200000	21.83
Chr5	22500001	25500000	23.77
Chr5	22800001	25800000	22.02
Chr5	23100001	26100000	26.01
Chr5	23400001	26400000	28.32
Chr5	23700001	26700000	32.84
Chr5	24000001	27000000	34.21
Chr5	24300001	27300000	34.26
Chr5	24600001	27600000	35.32
Chr5	24900001	27900000	37.93
Chr5	25200001	28200000	35.86
Chr5	25500001	28500000	36.04
Chr5	25800001	28800000	38.55
Chr5	26100001	29100000	38.36
Chr5	26400001	29400000	38.89
Chr5	26700001	29700000	36.40
Chr5	27000001	30000000	35.93
Chr5	27300001	30300000	36.45
Chr5	27600001	30600000	33.85
Chr5	27900001	30689756	34.11
Chr6	1	3000000	25.40
Chr6	300001	3300000	23.98
Chr6	600001	3600000	27.65
Chr6	900001	3900000	27.19
Chr6	1200001	4200000	23.74
Chr6	1500001	4500000	27.07
Chr6	1800001	4800000	25.64
Chr6	2100001	5100000	23.62
Chr6	2400001	5400000	22.45
Chr6	2700001	5700000	20.59
Chr6	3000001	6000000	17.98
Chr6	3300001	6300000	19.14
Chr6	3600001	6600000	15.92
Chr6	3900001	6900000	15.06
Chr6	4200001	7200000	15.52
Chr6	4500001	7500000	16.98
Chr6	4800001	7800000	18.57
Chr6	5100001	8100000	18.61
Chr6	5400001	8400000	20.00
Chr6	5700001	8700000	16.69
Chr6	6000001	9000000	17.88
Chr6	6300001	9300000	20.88
Chr6	6600001	9600000	27.45
Chr6	6900001	9900000	27.33
Chr6	7200001	10200000	26.80
Chr6	7500001	10500000	22.54
Chr6	7800001	10800000	23.18
Chr6	8100001	11100000	23.26
Chr6	8400001	11400000	24.50
Chr6	8700001	11700000	24.58
Chr6	9000001	12000000	25.35
Chr6	9300001	12300000	22.31
Chr6	9600001	12600000	20.37
Chr6	9900001	12900000	19.69
Chr6	10200001	13200000	19.27
Chr6	10500001	13500000	20.60
Chr6	10800001	13800000	19.67
Chr6	11100001	14100000	21.04
Chr6	11400001	14400000	19.70
Chr6	11700001	14700000	21.05
Chr6	12000001	15000000	21.12
Chr6	12300001	15300000	21.27
Chr6	12600001	15600000	21.49
Chr6	12900001	15900000	20.74
Chr6	13200001	16200000	19.06
Chr6	13500001	16500000	18.65
Chr6	13800001	16800000	19.35
Chr6	14100001	17100000	20.17
Chr6	14400001	17400000	20.84
Chr6	14700001	17700000	20.49
Chr6	15000001	18000000	21.90
Chr6	15300001	18300000	22.46
Chr6	15600001	18600000	20.07
Chr6	15900001	18900000	22.72
Chr6	16200001	19200000	24.17
Chr6	16500001	19500000	26.13
Chr6	16800001	19800000	26.70
Chr6	17100001	20100000	23.98
Chr6	17400001	20400000	24.08
Chr6	17700001	20700000	24.16
Chr6	18000001	21000000	21.00
Chr6	18300001	21300000	21.10
Chr6	18600001	21600000	23.42
Chr6	18900001	21900000	23.30
Chr6	19200001	22200000	23.40
Chr6	19500001	22500000	21.98
Chr6	19800001	22800000	22.41
Chr6	20100001	23100000	22.48
Chr6	20400001	23400000	25.41
Chr6	20700001	23700000	25.19
Chr6	21000001	24000000	27.21
Chr6	21300001	24300000	28.56
Chr6	21600001	24600000	27.10
Chr6	21900001	24900000	26.15
Chr6	22200001	25200000	27.24
Chr6	22500001	25500000	27.12
Chr6	22800001	25800000	26.14
Chr6	23100001	26100000	28.68
Chr6	23400001	26400000	27.25
Chr6	23700001	26700000	29.78
Chr6	24000001	27000000	28.68
Chr6	24300001	27300000	27.02
Chr6	24600001	27600000	27.88
Chr6	24900001	27900000	25.46
Chr6	25200001	28200000	26.20
Chr6	25500001	28500000	25.81
Chr6	25800001	28800000	26.27
Chr6	26100001	29100000	26.13
Chr6	26400001	29400000	24.23
Chr6	26700001	29700000	21.71
Chr6	27000001	30000000	21.38
Chr6	27300001	30300000	20.73
Chr6	27600001	30600000	21.18
Chr6	27900001	30900000	23.03
Chr6	28200001	31200000	23.01
Chr6	28500001	31500000	22.37
Chr6	28800001	31800000	19.40
Chr6	29100001	31806780	16.61
Chr7	1	3000000	15.53
Chr7	300001	3300000	20.10
Chr7	600001	3600000	15.79
Chr7	900001	3900000	15.79
Chr7	1200001	4200000	17.62
Chr7	1500001	4500000	20.18
Chr7	1800001	4800000	19.55
Chr7	2100001	5100000	18.84
Chr7	2400001	5400000	18.23
Chr7	2700001	5700000	17.92
Chr7	3000001	6000000	18.80
Chr7	3300001	6300000	17.55
Chr7	3600001	6600000	19.62
Chr7	3900001	6900000	22.86
Chr7	4200001	7200000	21.39
Chr7	4500001	7500000	21.65
Chr7	4800001	7800000	26.54
Chr7	5100001	8100000	29.57
Chr7	5400001	8400000	28.71
Chr7	5700001	8700000	27.43
Chr7	6000001	9000000	26.12
Chr7	6300001	9300000	25.86
Chr7	6600001	9600000	27.84
Chr7	6900001	9900000	25.73
Chr7	7200001	10200000	26.27
Chr7	7500001	10500000	25.47
Chr7	7800001	10800000	22.40
Chr7	8100001	11100000	23.06
Chr7	8400001	11400000	23.80
Chr7	8700001	11700000	24.18
Chr7	9000001	12000000	24.33
Chr7	9300001	12300000	22.77
Chr7	9600001	12600000	20.93
Chr7	9900001	12900000	22.43
Chr7	10200001	13200000	23.72
Chr7	10500001	13500000	24.74
Chr7	10800001	13800000	26.18
Chr7	11100001	14100000	24.58
Chr7	11400001	14400000	23.27
Chr7	11700001	14700000	24.36
Chr7	12000001	15000000	27.18
Chr7	12300001	15300000	29.25
Chr7	12600001	15600000	29.33
Chr7	12900001	15900000	28.95
Chr7	13200001	16200000	27.28
Chr7	13500001	16500000	26.23
Chr7	13800001	16800000	26.85
Chr7	14100001	17100000	26.40
Chr7	14400001	17400000	28.71
Chr7	14700001	17700000	26.79
Chr7	15000001	18000000	23.90
Chr7	15300001	18300000	23.98
Chr7	15600001	18600000	25.47
Chr7	15900001	18900000	24.56
Chr7	16200001	19200000	24.09
Chr7	16500001	19500000	25.68
Chr7	16800001	19800000	24.88
Chr7	17100001	20100000	25.41
Chr7	17400001	20400000	24.44
Chr7	17700001	20700000	25.17
Chr7	18000001	21000000	26.40
Chr7	18300001	21300000	25.06
Chr7	18600001	21600000	21.20
Chr7	18900001	21900000	21.27
Chr7	19200001	22200000	20.47
Chr7	19500001	22500000	18.29
Chr7	19800001	22800000	19.21
Chr7	20100001	23100000	20.98
Chr7	20400001	23400000	20.58
Chr7	20700001	23700000	21.79
Chr7	21000001	24000000	23.21
Chr7	21300001	24300000	22.11
Chr7	21600001	24600000	24.36
Chr7	21900001	24900000	23.43
Chr7	22200001	25200000	27.09
Chr7	22500001	25500000	25.37
Chr7	22800001	25800000	24.28
Chr7	23100001	26100000	24.31
Chr7	23400001	26400000	27.12
Chr7	23700001	26700000	26.49
Chr7	24000001	27000000	23.88
Chr7	24300001	27300000	29.70
Chr7	24600001	27600000	29.63
Chr7	24900001	27900000	30.75
Chr7	25200001	28200000	28.65
Chr7	25500001	28500000	29.90
Chr7	25800001	28800000	29.05
Chr7	26100001	29100000	25.77
Chr7	26400001	29400000	21.68
Chr7	26700001	29700000	26.84
Chr7	27000001	30000000	26.79
Chr7	27300001	30300000	25.51
Chr7	27600001	30503912	26.33
Chr8	1	3000000	30.02
Chr8	300001	3300000	29.18
Chr8	600001	3600000	26.93
Chr8	900001	3900000	26.45
Chr8	1200001	4200000	30.31
Chr8	1500001	4500000	32.07
Chr8	1800001	4800000	32.18
Chr8	2100001	5100000	31.20
Chr8	2400001	5400000	32.03
Chr8	2700001	5700000	29.19
Chr8	3000001	6000000	24.68
Chr8	3300001	6300000	28.39
Chr8	3600001	6600000	27.14
Chr8	3900001	6900000	28.95
Chr8	4200001	7200000	25.03
Chr8	4500001	7500000	25.59
Chr8	4800001	7800000	28.32
Chr8	5100001	8100000	26.67
Chr8	5400001	8400000	25.82
Chr8	5700001	8700000	27.44
Chr8	6000001	9000000	28.61
Chr8	6300001	9300000	27.37
Chr8	6600001	9600000	28.74
Chr8	6900001	9900000	28.31
Chr8	7200001	10200000	29.46
Chr8	7500001	10500000	27.37
Chr8	7800001	10800000	24.10
Chr8	8100001	11100000	27.07
Chr8	8400001	11400000	25.70
Chr8	8700001	11700000	23.54
Chr8	9000001	12000000	22.18
Chr8	9300001	12300000	21.30
Chr8	9600001	12600000	22.10
Chr8	9900001	12900000	20.39
Chr8	10200001	13200000	23.15
Chr8	10500001	13500000	22.61
Chr8	10800001	13800000	22.63
Chr8	11100001	14100000	22.97
Chr8	11400001	14400000	22.62
Chr8	11700001	14700000	25.43
Chr8	12000001	15000000	25.21
Chr8	12300001	15300000	26.96
Chr8	12600001	15600000	27.41
Chr8	12900001	15900000	27.23
Chr8	13200001	16200000	25.06
Chr8	13500001	16500000	26.00
Chr8	13800001	16800000	26.56
Chr8	14100001	17100000	26.10
Chr8	14400001	17400000	29.28
Chr8	14700001	17700000	27.21
Chr8	15000001	18000000	27.46
Chr8	15300001	18300000	25.09
Chr8	15600001	18600000	24.30
Chr8	15900001	18900000	28.35
Chr8	16200001	19200000	32.12
Chr8	16500001	19500000	32.27
Chr8	16800001	19800000	30.26
Chr8	17100001	20100000	30.65
Chr8	17400001	20400000	29.54
Chr8	17700001	20700000	27.31
Chr8	18000001	21000000	27.63
Chr8	18300001	21300000	26.80
Chr8	18600001	21600000	25.55
Chr8	18900001	21900000	22.71
Chr8	19200001	22200000	16.12
Chr8	19500001	22500000	15.77
Chr8	19800001	22800000	17.39
Chr8	20100001	23100000	17.22
Chr8	20400001	23400000	16.53
Chr8	20700001	23700000	20.72
Chr8	21000001	24000000	22.26
Chr8	21300001	24300000	23.10
Chr8	21600001	24600000	24.57
Chr8	21900001	24900000	23.17
Chr8	22200001	25200000	24.79
Chr8	22500001	25500000	27.01
Chr8	22800001	25800000	27.03
Chr8	23100001	26100000	25.05
Chr8	23400001	26400000	23.95
Chr8	23700001	26700000	21.09
Chr8	24000001	27000000	19.27
Chr8	24300001	27300000	20.54
Chr8	24600001	27600000	21.48
Chr8	24900001	27900000	22.70
Chr8	25200001	28200000	23.63
Chr8	25500001	28500000	23.17
Chr8	25800001	28800000	21.62
Chr8	26100001	29100000	22.94
Chr8	26400001	29400000	21.39
Chr8	26700001	29700000	24.24
Chr8	27000001	30000000	24.00
Chr8	27300001	30240396	23.44
Chr9	1	3000000	26.87
Chr9	300001	3300000	24.25
Chr9	600001	3600000	18.05
Chr9	900001	3900000	17.39
Chr9	1200001	4200000	17.60
Chr9	1500001	4500000	18.42
Chr9	1800001	4800000	18.52
Chr9	2100001	5100000	20.33
Chr9	2400001	5400000	20.62
Chr9	2700001	5700000	20.87
Chr9	3000001	6000000	22.83
Chr9	3300001	6300000	24.04
Chr9	3600001	6600000	27.62
Chr9	3900001	6900000	29.36
Chr9	4200001	7200000	29.96
Chr9	4500001	7500000	26.64
Chr9	4800001	7800000	26.86
Chr9	5100001	8100000	24.86
Chr9	5400001	8400000	24.01
Chr9	5700001	8700000	25.14
Chr9	6000001	9000000	29.01
Chr9	6300001	9300000	27.63
Chr9	6600001	9600000	26.68
Chr9	6900001	9900000	24.35
Chr9	7200001	10200000	25.12
Chr9	7500001	10500000	26.21
Chr9	7800001	10800000	27.02
Chr9	8100001	11100000	25.95
Chr9	8400001	11400000	25.08
Chr9	8700001	11700000	22.62
Chr9	9000001	12000000	16.16
Chr9	9300001	12300000	17.57
Chr9	9600001	12600000	19.23
Chr9	9900001	12900000	23.03
Chr9	10200001	13200000	20.79
Chr9	10500001	13500000	18.67
Chr9	10800001	13800000	16.57
Chr9	11100001	14100000	19.24
Chr9	11400001	14400000	19.62
Chr9	11700001	14700000	19.18
Chr9	12000001	15000000	22.04
Chr9	12300001	15300000	22.21
Chr9	12600001	15600000	21.44
Chr9	12900001	15900000	17.91
Chr9	13200001	16200000	17.63
Chr9	13500001	16500000	19.67
Chr9	13800001	16800000	19.28
Chr9	14100001	17100000	15.81
Chr9	14400001	17400000	15.32
Chr9	14700001	17700000	17.98
Chr9	15000001	18000000	14.02
Chr9	15300001	18300000	12.65
Chr9	15600001	18600000	20.10
Chr9	15900001	18900000	19.18
Chr9	16200001	19200000	20.40
Chr9	16500001	19500000	20.27
Chr9	16800001	19800000	26.67
Chr9	17100001	20100000	29.84
Chr9	17400001	20400000	29.57
Chr9	17700001	20700000	26.88
Chr9	18000001	21000000	29.45
Chr9	18300001	21300000	29.72
Chr9	18600001	21600000	22.34
Chr9	18900001	21900000	25.23
Chr9	19200001	22200000	24.41
Chr9	19500001	22500000	25.21
Chr9	19800001	22800000	22.02
Chr9	20100001	23029981	24.10
Chr10	1	3000000	17.54
Chr10	300001	3300000	18.69
Chr10	600001	3600000	21.02
Chr10	900001	3900000	20.87
Chr10	1200001	4200000	20.40
Chr10	1500001	4500000	20.14
Chr10	1800001	4800000	17.37
Chr10	2100001	5100000	17.54
Chr10	2400001	5400000	18.02
Chr10	2700001	5700000	19.85
Chr10	3000001	6000000	19.60
Chr10	3300001	6300000	19.29
Chr10	3600001	6600000	17.25
Chr10	3900001	6900000	18.27
Chr10	4200001	7200000	18.29
Chr10	4500001	7500000	19.97
Chr10	4800001	7800000	21.89
Chr10	5100001	8100000	22.76
Chr10	5400001	8400000	22.48
Chr10	5700001	8700000	20.40
Chr10	6000001	9000000	18.95
Chr10	6300001	9300000	20.92
Chr10	6600001	9600000	22.80
Chr10	6900001	9900000	23.23
Chr10	7200001	10200000	23.11
Chr10	7500001	10500000	23.17
Chr10	7800001	10800000	23.29
Chr10	8100001	11100000	22.32
Chr10	8400001	11400000	22.13
Chr10	8700001	11700000	24.17
Chr10	9000001	12000000	25.14
Chr10	9300001	12300000	24.51
Chr10	9600001	12600000	23.72
Chr10	9900001	12900000	23.21
Chr10	10200001	13200000	23.33
Chr10	10500001	13500000	22.83
Chr10	10800001	13800000	20.36
Chr10	11100001	14100000	19.04
Chr10	11400001	14400000	18.02
Chr10	11700001	14700000	16.74
Chr10	12000001	15000000	17.10
Chr10	12300001	15300000	15.62
Chr10	12600001	15600000	13.65
Chr10	12900001	15900000	15.57
Chr10	13200001	16200000	15.30
Chr10	13500001	16500000	15.24
Chr10	13800001	16800000	15.95
Chr10	14100001	17100000	18.40
Chr10	14400001	17400000	23.67
Chr10	14700001	17700000	25.20
Chr10	15000001	18000000	24.56
Chr10	15300001	18300000	24.08
Chr10	15600001	18600000	26.22
Chr10	15900001	18900000	25.19
Chr10	16200001	19200000	25.76
Chr10	16500001	19500000	27.59
Chr10	16800001	19800000	28.73
Chr10	17100001	20100000	28.36
Chr10	17400001	20400000	29.53
Chr10	17700001	20700000	28.96
Chr10	18000001	21000000	30.65
Chr10	18300001	21300000	31.53
Chr10	18600001	21600000	29.37
Chr10	18900001	21900000	28.33
Chr10	19200001	22200000	30.06
Chr10	19500001	22500000	24.61
Chr10	19800001	22800000	25.87
Chr10	20100001	23100000	26.02
Chr10	20400001	23400000	19.48
Chr10	20700001	23700000	21.05
Chr10	21000001	24000000	18.37
Chr10	21300001	24300000	19.57
Chr10	21600001	24600000	20.30
Chr10	21900001	24900000	21.17
Chr10	22200001	25200000	21.11
Chr10	22500001	25287139	21.96
Chr11	1	3000000	20.47
Chr11	300001	3300000	19.56
Chr11	600001	3600000	17.25
Chr11	900001	3900000	17.13
Chr11	1200001	4200000	21.26
Chr11	1500001	4500000	24.63
Chr11	1800001	4800000	24.44
Chr11	2100001	5100000	22.08
Chr11	2400001	5400000	21.73
Chr11	2700001	5700000	20.14
Chr11	3000001	6000000	23.14
Chr11	3300001	6300000	21.96
Chr11	3600001	6600000	21.77
Chr11	3900001	6900000	20.08
Chr11	4200001	7200000	18.40
Chr11	4500001	7500000	15.36
Chr11	4800001	7800000	15.64
Chr11	5100001	8100000	16.63
Chr11	5400001	8400000	18.06
Chr11	5700001	8700000	18.47
Chr11	6000001	9000000	19.00
Chr11	6300001	9300000	21.01
Chr11	6600001	9600000	21.73
Chr11	6900001	9900000	25.72
Chr11	7200001	10200000	25.76
Chr11	7500001	10500000	27.56
Chr11	7800001	10800000	28.30
Chr11	8100001	11100000	29.35
Chr11	8400001	11400000	26.40
Chr11	8700001	11700000	25.54
Chr11	9000001	12000000	23.16
Chr11	9300001	12300000	22.52
Chr11	9600001	12600000	21.24
Chr11	9900001	12900000	21.48
Chr11	10200001	13200000	22.04
Chr11	10500001	13500000	24.85
Chr11	10800001	13800000	23.58
Chr11	11100001	14100000	21.91
Chr11	11400001	14400000	23.04
Chr11	11700001	14700000	22.87
Chr11	12000001	15000000	23.95
Chr11	12300001	15300000	25.37
Chr11	12600001	15600000	25.81
Chr11	12900001	15900000	24.76
Chr11	13200001	16200000	23.66
Chr11	13500001	16500000	21.25
Chr11	13800001	16800000	22.24
Chr11	14100001	17100000	24.88
Chr11	14400001	17400000	25.94
Chr11	14700001	17700000	28.55
Chr11	15000001	18000000	26.57
Chr11	15300001	18300000	23.91
Chr11	15600001	18600000	25.44
Chr11	15900001	18900000	25.23
Chr11	16200001	19200000	25.14
Chr11	16500001	19500000	27.05
Chr11	16800001	19800000	26.01
Chr11	17100001	20100000	23.30
Chr11	17400001	20400000	22.64
Chr11	17700001	20700000	20.07
Chr11	18000001	21000000	22.90
Chr11	18300001	21300000	25.53
Chr11	18600001	21600000	25.00
Chr11	18900001	21900000	25.40
Chr11	19200001	22200000	27.48
Chr11	19500001	22500000	25.63
Chr11	19800001	22800000	25.93
Chr11	20100001	23100000	28.56
Chr11	20400001	23400000	29.51
Chr11	20700001	23700000	29.15
Chr11	21000001	24000000	29.18
Chr11	21300001	24300000	27.90
Chr11	21600001	24600000	24.24
Chr11	21900001	24900000	21.62
Chr11	22200001	25200000	20.54
Chr11	22500001	25500000	21.28
Chr11	22800001	25800000	22.67
Chr11	23100001	26100000	20.38
Chr11	23400001	26400000	18.23
Chr11	23700001	26700000	19.23
Chr11	24000001	27000000	16.48
Chr11	24300001	27300000	16.32
Chr11	24600001	27600000	21.31
Chr11	24900001	27900000	24.54
Chr11	25200001	28200000	27.38
Chr11	25500001	28500000	26.57
Chr11	25800001	28800000	23.81
Chr11	26100001	29100000	23.03
Chr11	26400001	29400000	22.52
Chr11	26700001	29700000	23.04
Chr11	27000001	30000000	24.47
Chr11	27300001	30300000	23.79
Chr11	27600001	30600000	23.08
Chr11	27900001	30900000	26.88
Chr11	28200001	31200000	25.39
Chr11	28500001	31500000	25.91
Chr11	28800001	31800000	27.27
Chr11	29100001	32100000	30.88
Chr11	29400001	32400000	32.47
Chr11	29700001	32700000	34.03
Chr11	30000001	33000000	31.85
Chr11	30300001	33300000	34.11
Chr11	30600001	33600000	33.50
Chr11	30900001	33688037	28.19
Chr12	1	3000000	20.43
Chr12	300001	3300000	16.08
Chr12	600001	3600000	18.73
Chr12	900001	3900000	18.52
Chr12	1200001	4200000	20.43
Chr12	1500001	4500000	25.38
Chr12	1800001	4800000	24.46
Chr12	2100001	5100000	21.92
Chr12	2400001	5400000	20.99
Chr12	2700001	5700000	21.90
Chr12	3000001	6000000	21.55
Chr12	3300001	6300000	24.16
Chr12	3600001	6600000	21.42
Chr12	3900001	6900000	22.70
Chr12	4200001	7200000	23.00
Chr12	4500001	7500000	18.31
Chr12	4800001	7800000	19.20
Chr12	5100001	8100000	19.86
Chr12	5400001	8400000	19.84
Chr12	5700001	8700000	17.03
Chr12	6000001	9000000	19.51
Chr12	6300001	9300000	21.66
Chr12	6600001	9600000	22.96
Chr12	6900001	9900000	22.21
Chr12	7200001	10200000	20.57
Chr12	7500001	10500000	21.62
Chr12	7800001	10800000	20.99
Chr12	8100001	11100000	19.62
Chr12	8400001	11400000	21.73
Chr12	8700001	11700000	21.68
Chr12	9000001	12000000	19.83
Chr12	9300001	12300000	17.93
Chr12	9600001	12600000	17.59
Chr12	9900001	12900000	18.78
Chr12	10200001	13200000	20.03
Chr12	10500001	13500000	18.48
Chr12	10800001	13800000	19.78
Chr12	11100001	14100000	20.44
Chr12	11400001	14400000	19.09
Chr12	11700001	14700000	20.80
Chr12	12000001	15000000	21.63
Chr12	12300001	15300000	20.85
Chr12	12600001	15600000	22.67
Chr12	12900001	15900000	22.93
Chr12	13200001	16200000	23.00
Chr12	13500001	16500000	25.00
Chr12	13800001	16800000	25.95
Chr12	14100001	17100000	26.52
Chr12	14400001	17400000	27.76
Chr12	14700001	17700000	29.57
Chr12	15000001	18000000	29.51
Chr12	15300001	18300000	30.10
Chr12	15600001	18600000	29.63
Chr12	15900001	18900000	28.90
Chr12	16200001	19200000	29.11
Chr12	16500001	19500000	29.10
Chr12	16800001	19800000	25.50
Chr12	17100001	20100000	24.35
Chr12	17400001	20400000	20.29
Chr12	17700001	20700000	16.44
Chr12	18000001	21000000	16.53
Chr12	18300001	21300000	14.66
Chr12	18600001	21600000	13.92
Chr12	18900001	21900000	11.77
Chr12	19200001	22200000	11.20
Chr12	19500001	22500000	13.81
Chr12	19800001	22800000	14.52
Chr12	20100001	23100000	17.83
Chr12	20400001	23400000	19.32
Chr12	20700001	23700000	21.67
Chr12	21000001	24000000	21.69
Chr12	21300001	24300000	23.10
Chr12	21600001	24600000	24.79
Chr12	21900001	24900000	27.12
Chr12	22200001	25200000	27.77
Chr12	22500001	25500000	22.97
Chr12	22800001	25800000	24.50
Chr12	23100001	26100000	22.91
Chr12	23400001	26400000	20.79
Chr12	23700001	26700000	20.79
Chr12	24000001	27000000	20.70
Chr12	24300001	27221643	19.55
unanchor1	1	53743	0
unanchor2	1	17338	0
unanchor3	1	78021	0
unanchor4	1	38574	0
unanchor5	1	35869	0
unanchor6	1	32775	0
unanchor7	1	102635	0
unanchor8	1	55126	0
unanchor9	1	70329	0
unanchor10	1	56780	0
unanchor11	1	89047	4.25
unanchor12	1	63678	2.73
unanchor13	1	95736	0
unanchor14	1	48072	0
unanchor15	1	104279	0
unanchor16	1	78193	2.75
unanchor17	1	149033	0
unanchor18	1	15421	0
unanchor19	1	32112	0
unanchor20	1	65206	0
unanchor21	1	91641	0
unanchor22	1	87780	0
unanchor23	1	83962	0
unanchor24	1	79062	0
unanchor25	1	73463	0
unanchor26	1	73267	0
unanchor27	1	57458	0
unanchor28	1	17909	0
unanchor29	1	15500	0
unanchor30	1	84698	0
unanchor31	1	51370	1.93
unanchor32	1	18762	0
unanchor33	1	36861	0
unanchor34	1	41711	0
unanchor35	1	36963	0
unanchor36	1	53932	0
unanchor37	1	115318	3.02
unanchor38	1	14902	0
unanchor39	1	14376	0
unanchor40	1	13141	0
unanchor41	1	11893	0
unanchor42	1	11352	0
unanchor43	1	9610	0
unanchor44	1	8716	0
unanchor45	1	8469	0
unanchor46	1	7406	0
unanchor47	1	6825	0
unanchor48	1	6279	0
unanchor49	1	5861	0
unanchor50	1	5773	0
unanchor51	1	5588	0
unanchor52	1	4957	0
unanchor53	1	4943	0
unanchor54	1	4690	0
unanchor55	1	4673	0
unanchor56	1	4663	0
unanchor57	1	4098	0
unanchor58	1	3811	0
unanchor59	1	3808	0
unanchor60	1	2943	0
unanchor61	1	2907	0
unanchor62	1	2856	0
unanchor63	1	2364	0
unanchor64	1	2182	0
unanchor65	1	2162	0
unanchor66	1	2072	0
unanchor67	1	1953	0
unanchor68	1	1839	0
unanchor69	1	1666	0
unanchor70	1	1228	0
unanchor71	1	1073	0
unanchor72	1	69658	0
unanchor73	1	185416	0
unanchor74	1	56203	0
unanchor75	1	45313	0
unanchor76	1	80816	0
unanchor77	1	115851	0
unanchor78	1	76832	0
unanchor79	1	19589	0
unanchor80	1	116582	0
unanchor81	1	60785	0
unanchor82	1	42733	0
unanchor83	1	71515	0
unanchor84	1	89178	1.95
unanchor85	1	109611	2.35
unanchor86	1	110102	1.67
unanchor87	1	116538	0
unanchor88	1	43050	0
unanchor89	1	119777	0
unanchor90	1	18127	0
unanchor91	1	53796	0
unanchor92	1	31878	0
unanchor93	1	40604	0
unanchor94	1	39126	0
unanchor95	1	21118	0
unanchor96	1	156004	3.29
unanchor97	1	17642	0
unanchor98	1	96866	2.15
unanchor99	1	325717	3.85
unanchor100	1	117159	0
unanchor101	1	55103	0
unanchor102	1	68903	0
unanchor103	1	50511	0
unanchor104	1	261663	4.42
unanchor105	1	79336	0
unanchor106	1	64295	2.84
unanchor107	1	43808	2.74
unanchor108	1	51809	3.01
unanchor109	1	78907	0
unanchor110	1	267356	7.42
unanchor111	1	51519	3.00
unanchor112	1	197993	6.07
unanchor113	1	129675	3.31
unanchor114	1	76465	2.39
unanchor115	1	111261	0
unanchor116	1	51895	0
unanchor117	1	177633	4.98
unanchor118	1	35030	0
unanchor119	1	241744	0
unanchor120	1	159133	0
unanchor121	1	142838	0
unanchor122	1	56991	0
unanchor123	1	62545	0
unanchor124	1	25000	0
unanchor125	1	35564	0
unanchor126	1	37036	0
unanchor127	1	120721	2.06
unanchor128	1	131641	1.67
unanchor129	1	266295	2.51
unanchor130	1	156288	5.17
unanchor131	1	77892	2.55
unanchor132	1	384550	7.74
