Chr1 0 100000	12
Chr1 100000 200000	17
Chr1 200000 300000	424
Chr1 300000 400000	411
Chr1 400000 500000	1015
Chr1 500000 600000	513
Chr1 600000 700000	1260
Chr1 700000 800000	623
Chr1 800000 900000	169
Chr1 900000 1000000	243
Chr1 1000000 1100000	506
Chr1 1100000 1200000	482
Chr1 1200000 1300000	4
Chr1 1300000 1400000	5
Chr1 1400000 1500000	0
Chr1 1500000 1600000	4
Chr1 1600000 1700000	2
Chr1 1700000 1800000	0
Chr1 1800000 1900000	0
Chr1 1900000 2000000	3
Chr1 2000000 2100000	1
Chr1 2100000 2200000	0
Chr1 2200000 2300000	0
Chr1 2300000 2400000	0
Chr1 2400000 2500000	1
Chr1 2500000 2600000	0
Chr1 2600000 2700000	0
Chr1 2700000 2800000	2
Chr1 2800000 2900000	0
Chr1 2900000 3000000	0
Chr1 3000000 3100000	0
Chr1 3100000 3200000	0
Chr1 3200000 3300000	0
Chr1 3300000 3400000	0
Chr1 3400000 3500000	0
Chr1 3500000 3600000	0
Chr1 3600000 3700000	0
Chr1 3700000 3800000	0
Chr1 3800000 3900000	0
Chr1 3900000 4000000	0
Chr1 4000000 4100000	0
Chr1 4100000 4200000	0
Chr1 4200000 4300000	0
Chr1 4300000 4400000	0
Chr1 4400000 4500000	0
Chr1 4500000 4600000	0
Chr1 4600000 4700000	1
Chr1 4700000 4800000	0
Chr1 4800000 4900000	0
Chr1 4900000 5000000	0
Chr1 5000000 5100000	0
Chr1 5100000 5200000	0
Chr1 5200000 5300000	0
Chr1 5300000 5400000	0
Chr1 5400000 5500000	2
Chr1 5500000 5600000	4
Chr1 5600000 5700000	624
Chr1 5700000 5800000	149
Chr1 5800000 5900000	297
Chr1 5900000 6000000	6
Chr1 6000000 6100000	7
Chr1 6100000 6200000	13
Chr1 6200000 6300000	3
Chr1 6300000 6400000	5
Chr1 6400000 6500000	3
Chr1 6500000 6600000	7
Chr1 6600000 6700000	113
Chr1 6700000 6800000	750
Chr1 6800000 6900000	215
Chr1 6900000 7000000	6
Chr1 7000000 7100000	191
Chr1 7100000 7200000	957
Chr1 7200000 7300000	11
Chr1 7300000 7400000	1
Chr1 7400000 7500000	2
Chr1 7500000 7600000	5
Chr1 7600000 7700000	395
Chr1 7700000 7800000	526
Chr1 7800000 7900000	477
Chr1 7900000 8000000	460
Chr1 8000000 8100000	442
Chr1 8100000 8200000	516
Chr1 8200000 8300000	544
Chr1 8300000 8400000	943
Chr1 8400000 8500000	642
Chr1 8500000 8600000	794
Chr1 8600000 8700000	1145
Chr1 8700000 8800000	483
Chr1 8800000 8900000	930
Chr1 8900000 9000000	355
Chr1 9000000 9100000	11
Chr1 9100000 9200000	18
Chr1 9200000 9300000	16
Chr1 9300000 9400000	18
Chr1 9400000 9500000	219
Chr1 9500000 9600000	3
Chr1 9600000 9700000	9
Chr1 9700000 9800000	8
Chr1 9800000 9900000	10
Chr1 9900000 10000000	9
Chr1 10000000 10100000	5
Chr1 10100000 10200000	7
Chr1 10200000 10300000	5
Chr1 10300000 10400000	4
Chr1 10400000 10500000	8
Chr1 10500000 10600000	10
Chr1 10600000 10700000	7
Chr1 10700000 10800000	375
Chr1 10800000 10900000	156
Chr1 10900000 11000000	161
Chr1 11000000 11100000	2
Chr1 11100000 11200000	0
Chr1 11200000 11300000	0
Chr1 11300000 11400000	0
Chr1 11400000 11500000	0
Chr1 11500000 11600000	0
Chr1 11600000 11700000	0
Chr1 11700000 11800000	0
Chr1 11800000 11900000	0
Chr1 11900000 12000000	599
Chr1 12000000 12100000	499
Chr1 12100000 12200000	420
Chr1 12200000 12300000	344
Chr1 12300000 12400000	1
Chr1 12400000 12500000	0
Chr1 12500000 12600000	0
Chr1 12600000 12700000	0
Chr1 12700000 12800000	1
Chr1 12800000 12900000	4
Chr1 12900000 13000000	1
Chr1 13000000 13100000	2
Chr1 13100000 13200000	2
Chr1 13200000 13300000	0
Chr1 13300000 13400000	10
Chr1 13400000 13500000	2
Chr1 13500000 13600000	0
Chr1 13600000 13700000	2
Chr1 13700000 13800000	4
Chr1 13800000 13900000	0
Chr1 13900000 14000000	0
Chr1 14000000 14100000	0
Chr1 14100000 14200000	5
Chr1 14200000 14300000	8
Chr1 14300000 14400000	143
Chr1 14400000 14500000	37
Chr1 14500000 14600000	6
Chr1 14600000 14700000	8
Chr1 14700000 14800000	17
Chr1 14800000 14900000	147
Chr1 14900000 15000000	17
Chr1 15000000 15100000	6
Chr1 15100000 15200000	12
Chr1 15200000 15300000	4
Chr1 15300000 15400000	4
Chr1 15400000 15500000	9
Chr1 15500000 15600000	3
Chr1 15600000 15700000	6
Chr1 15700000 15800000	3
Chr1 15800000 15900000	4
Chr1 15900000 16000000	17
Chr1 16000000 16100000	4
Chr1 16100000 16200000	14
Chr1 16200000 16300000	5
Chr1 16300000 16400000	9
Chr1 16400000 16500000	2
Chr1 16500000 16600000	8
Chr1 16600000 16700000	2
Chr1 16700000 16800000	3
Chr1 16800000 16900000	5
Chr1 16900000 17000000	0
Chr1 17000000 17100000	1
Chr1 17100000 17200000	2
Chr1 17200000 17300000	0
Chr1 17300000 17400000	2
Chr1 17400000 17500000	2
Chr1 17500000 17600000	0
Chr1 17600000 17700000	8
Chr1 17700000 17800000	5
Chr1 17800000 17900000	6
Chr1 17900000 18000000	1
Chr1 18000000 18100000	3
Chr1 18100000 18200000	3
Chr1 18200000 18300000	9
Chr1 18300000 18400000	3
Chr1 18400000 18500000	5
Chr1 18500000 18600000	3
Chr1 18600000 18700000	0
Chr1 18700000 18800000	0
Chr1 18800000 18900000	0
Chr1 18900000 19000000	9
Chr1 19000000 19100000	409
Chr1 19100000 19200000	544
Chr1 19200000 19300000	354
Chr1 19300000 19400000	1007
Chr1 19400000 19500000	302
Chr1 19500000 19600000	336
Chr1 19600000 19700000	446
Chr1 19700000 19800000	408
Chr1 19800000 19900000	475
Chr1 19900000 20000000	0
Chr1 20000000 20100000	0
Chr1 20100000 20200000	10
Chr1 20200000 20300000	81
Chr1 20300000 20400000	530
Chr1 20400000 20500000	1012
Chr1 20500000 20600000	1009
Chr1 20600000 20700000	793
Chr1 20700000 20800000	454
Chr1 20800000 20900000	428
Chr1 20900000 21000000	733
Chr1 21000000 21100000	613
Chr1 21100000 21200000	192
Chr1 21200000 21300000	262
Chr1 21300000 21400000	2
Chr1 21400000 21500000	3
Chr1 21500000 21600000	1
Chr1 21600000 21700000	1
Chr1 21700000 21800000	0
Chr1 21800000 21900000	1
Chr1 21900000 22000000	2
Chr1 22000000 22100000	1
Chr1 22100000 22200000	2
Chr1 22200000 22300000	1
Chr1 22300000 22400000	0
Chr1 22400000 22500000	5
Chr1 22500000 22600000	1
Chr1 22600000 22700000	0
Chr1 22700000 22800000	0
Chr1 22800000 22900000	0
Chr1 22900000 23000000	0
Chr1 23000000 23100000	3
Chr1 23100000 23200000	1
Chr1 23200000 23300000	0
Chr1 23300000 23400000	0
Chr1 23400000 23500000	0
Chr1 23500000 23600000	1
Chr1 23600000 23700000	0
Chr1 23700000 23800000	0
Chr1 23800000 23900000	1
Chr1 23900000 24000000	1
Chr1 24000000 24100000	0
Chr1 24100000 24200000	0
Chr1 24200000 24300000	0
Chr1 24300000 24400000	0
Chr1 24400000 24500000	0
Chr1 24500000 24600000	0
Chr1 24600000 24700000	0
Chr1 24700000 24800000	0
Chr1 24800000 24900000	1
Chr1 24900000 25000000	0
Chr1 25000000 25100000	1
Chr1 25100000 25200000	1
Chr1 25200000 25300000	0
Chr1 25300000 25400000	0
Chr1 25400000 25500000	21
Chr1 25500000 25600000	214
Chr1 25600000 25700000	264
Chr1 25700000 25800000	34
Chr1 25800000 25900000	0
Chr1 25900000 26000000	7
Chr1 26000000 26100000	3
Chr1 26100000 26200000	2
Chr1 26200000 26300000	6
Chr1 26300000 26400000	5
Chr1 26400000 26500000	4
Chr1 26500000 26600000	1
Chr1 26600000 26700000	1
Chr1 26700000 26800000	7
Chr1 26800000 26900000	7
Chr1 26900000 27000000	6
Chr1 27000000 27100000	9
Chr1 27100000 27200000	150
Chr1 27200000 27300000	225
Chr1 27300000 27400000	761
Chr1 27400000 27500000	598
Chr1 27500000 27600000	580
Chr1 27600000 27700000	577
Chr1 27700000 27800000	394
Chr1 27800000 27900000	341
Chr1 27900000 28000000	445
Chr1 28000000 28100000	0
Chr1 28100000 28200000	0
Chr1 28200000 28300000	0
Chr1 28300000 28400000	0
Chr1 28400000 28500000	2
Chr1 28500000 28600000	3
Chr1 28600000 28700000	0
Chr1 28700000 28800000	0
Chr1 28800000 28900000	0
Chr1 28900000 29000000	0
Chr1 29000000 29100000	2
Chr1 29100000 29200000	0
Chr1 29200000 29300000	0
Chr1 29300000 29400000	0
Chr1 29400000 29500000	0
Chr1 29500000 29600000	0
Chr1 29600000 29700000	0
Chr1 29700000 29800000	243
Chr1 29800000 29900000	579
Chr1 29900000 30000000	686
Chr1 30000000 30100000	807
Chr1 30100000 30200000	592
Chr1 30200000 30300000	471
Chr1 30300000 30400000	379
Chr1 30400000 30500000	30
Chr1 30500000 30600000	745
Chr1 30600000 30700000	400
Chr1 30700000 30800000	530
Chr1 30800000 30900000	338
Chr1 30900000 31000000	401
Chr1 31000000 31100000	528
Chr1 31100000 31200000	476
Chr1 31200000 31300000	605
Chr1 31300000 31400000	1683
Chr1 31400000 31500000	872
Chr1 31500000 31600000	294
Chr1 31600000 31700000	767
Chr1 31700000 31800000	348
Chr1 31800000 31900000	542
Chr1 31900000 32000000	630
Chr1 32000000 32100000	524
Chr1 32100000 32200000	394
Chr1 32200000 32300000	600
Chr1 32300000 32400000	476
Chr1 32400000 32500000	476
Chr1 32500000 32600000	339
Chr1 32600000 32700000	251
Chr1 32700000 32800000	460
Chr1 32800000 32900000	512
Chr1 32900000 33000000	577
Chr1 33000000 33100000	363
Chr1 33100000 33200000	586
Chr1 33200000 33300000	463
Chr1 33300000 33400000	439
Chr1 33400000 33500000	423
Chr1 33500000 33600000	436
Chr1 33600000 33700000	348
Chr1 33700000 33800000	728
Chr1 33800000 33900000	1336
Chr1 33900000 34000000	569
Chr1 34000000 34100000	435
Chr1 34100000 34200000	995
Chr1 34200000 34300000	367
Chr1 34300000 34400000	675
Chr1 34400000 34500000	412
Chr1 34500000 34600000	477
Chr1 34600000 34700000	268
Chr1 34700000 34800000	548
Chr1 34800000 34900000	592
Chr1 34900000 35000000	448
Chr1 35000000 35100000	361
Chr1 35100000 35200000	30
Chr1 35200000 35300000	0
Chr1 35300000 35400000	1
Chr1 35400000 35500000	1
Chr1 35500000 35600000	2
Chr1 35600000 35700000	6
Chr1 35700000 35800000	10
Chr1 35800000 35900000	5
Chr1 35900000 36000000	9
Chr1 36000000 36100000	8
Chr1 36100000 36200000	188
Chr1 36200000 36300000	222
Chr1 36300000 36400000	223
Chr1 36400000 36500000	27
Chr1 36500000 36600000	8
Chr1 36600000 36700000	6
Chr1 36700000 36800000	7
Chr1 36800000 36900000	12
Chr1 36900000 37000000	92
Chr1 37000000 37100000	232
Chr1 37100000 37200000	349
Chr1 37200000 37300000	136
Chr1 37300000 37400000	134
Chr1 37400000 37500000	179
Chr1 37500000 37600000	143
Chr1 37600000 37700000	21
Chr1 37700000 37800000	6
Chr1 37800000 37900000	6
Chr1 37900000 38000000	5
Chr1 38000000 38100000	5
Chr1 38100000 38200000	11
Chr1 38200000 38300000	98
Chr1 38300000 38400000	250
Chr1 38400000 38500000	102
Chr1 38500000 38600000	21
Chr1 38600000 38700000	129
Chr1 38700000 38800000	213
Chr1 38800000 38900000	193
Chr1 38900000 39000000	63
Chr1 39000000 39100000	6
Chr1 39100000 39200000	140
Chr1 39200000 39300000	113
Chr1 39300000 39400000	275
Chr1 39400000 39500000	6
Chr1 39500000 39600000	80
Chr1 39600000 39700000	27
Chr1 39700000 39800000	139
Chr1 39800000 39900000	76
Chr1 39900000 40000000	3
Chr1 40000000 40100000	11
Chr1 40100000 40200000	10
Chr1 40200000 40300000	7
Chr1 40300000 40400000	4
Chr1 40400000 40500000	397
Chr1 40500000 40600000	82
Chr1 40600000 40700000	5
Chr1 40700000 40800000	19
Chr1 40800000 40900000	14
Chr1 40900000 41000000	189
Chr1 41000000 41100000	188
Chr1 41100000 41200000	263
Chr1 41200000 41300000	361
Chr1 41300000 41400000	266
Chr1 41400000 41500000	176
Chr1 41500000 41600000	91
Chr1 41600000 41700000	378
Chr1 41700000 41800000	320
Chr1 41800000 41900000	4
Chr1 41900000 42000000	1
Chr1 42000000 42100000	9
Chr1 42100000 42200000	4
Chr1 42200000 42300000	317
Chr1 42300000 42400000	53
Chr1 42400000 42500000	160
Chr1 42500000 42600000	270
Chr1 42600000 42700000	289
Chr1 42700000 42800000	444
Chr1 42800000 42900000	1
Chr1 42900000 43000000	159
Chr1 43000000 43100000	415
Chr1 43100000 43200000	377
Chr1 43200000 43300000	279
Chr1 43300000 43400000	163
Chr1 43400000 43500000	382
Chr1 43500000 43600000	429
Chr1 43600000 43700000	874
Chr1 43700000 43800000	531
Chr10 1600000 1700000	1
Chr10 1700000 1800000	0
Chr10 1800000 1900000	0
Chr10 1900000 2000000	0
Chr10 2000000 2100000	0
Chr10 2100000 2200000	0
Chr10 2200000 2300000	0
Chr10 2300000 2400000	0
Chr10 2400000 2500000	0
Chr10 2500000 2600000	0
Chr10 2600000 2700000	0
Chr10 2700000 2800000	0
Chr10 2800000 2900000	0
Chr10 2900000 3000000	0
Chr10 3000000 3100000	0
Chr10 3100000 3200000	0
Chr10 3200000 3300000	0
Chr10 3300000 3400000	0
Chr10 3400000 3500000	0
Chr10 3500000 3600000	1
Chr10 3600000 3700000	0
Chr10 3700000 3800000	0
Chr10 3800000 3900000	1
Chr10 3900000 4000000	0
Chr10 4000000 4100000	54
Chr10 4100000 4200000	139
Chr10 4200000 4300000	203
Chr10 4300000 4400000	353
Chr10 4400000 4500000	970
Chr10 4500000 4600000	648
Chr10 4600000 4700000	203
Chr10 4700000 4800000	93
Chr10 4800000 4900000	7
Chr10 4900000 5000000	167
Chr10 5000000 5100000	246
Chr10 5100000 5200000	292
Chr10 5200000 5300000	190
Chr10 5300000 5400000	550
Chr10 5400000 5500000	322
Chr10 5500000 5600000	285
Chr10 5600000 5700000	633
Chr10 5700000 5800000	688
Chr10 5800000 5900000	431
Chr10 5900000 6000000	914
Chr10 6000000 6100000	227
Chr10 6100000 6200000	187
Chr10 6200000 6300000	2
Chr10 6300000 6400000	11
Chr10 6400000 6500000	176
Chr10 6500000 6600000	820
Chr10 6600000 6700000	106
Chr10 6700000 6800000	118
Chr10 6800000 6900000	7
Chr10 6900000 7000000	2
Chr10 7000000 7100000	1
Chr10 7100000 7200000	1
Chr10 7200000 7300000	1
Chr10 7300000 7400000	4
Chr10 7400000 7500000	0
Chr10 7500000 7600000	2
Chr10 7600000 7700000	0
Chr10 7700000 7800000	4
Chr10 7800000 7900000	1
Chr10 7900000 8000000	1
Chr10 8000000 8100000	5
Chr10 8100000 8200000	0
Chr10 8200000 8300000	1
Chr10 8300000 8400000	0
Chr10 8400000 8500000	3
Chr10 8500000 8600000	5
Chr10 8600000 8700000	0
Chr10 8700000 8800000	1
Chr10 8800000 8900000	0
Chr10 8900000 9000000	2
Chr10 9000000 9100000	0
Chr10 9100000 9200000	0
Chr10 9200000 9300000	4
Chr10 9300000 9400000	5
Chr10 9400000 9500000	4
Chr10 9500000 9600000	7
Chr10 9600000 9700000	5
Chr10 9700000 9800000	5
Chr10 9800000 9900000	7
Chr10 9900000 10000000	4
Chr10 10000000 10100000	3
Chr10 10100000 10200000	3
Chr10 10200000 10300000	0
Chr10 10300000 10400000	2
Chr10 10400000 10500000	1
Chr10 10500000 10600000	0
Chr10 10600000 10700000	2
Chr10 10700000 10800000	0
Chr10 10800000 10900000	4
Chr10 10900000 11000000	2
Chr10 11000000 11100000	4
Chr10 11100000 11200000	5
Chr10 11200000 11300000	5
Chr10 11300000 11400000	3
Chr10 11400000 11500000	5
Chr10 11500000 11600000	7
Chr10 11600000 11700000	9
Chr10 11700000 11800000	5
Chr10 11800000 11900000	242
Chr10 11900000 12000000	114
Chr10 12000000 12100000	352
Chr10 12100000 12200000	164
Chr10 12200000 12300000	318
Chr10 12300000 12400000	464
Chr10 12400000 12500000	139
Chr10 12500000 12600000	132
Chr10 12600000 12700000	172
Chr10 12700000 12800000	69
Chr10 12800000 12900000	421
Chr10 12900000 13000000	420
Chr10 13000000 13100000	198
Chr10 13100000 13200000	684
Chr10 13200000 13300000	658
Chr10 13300000 13400000	793
Chr10 13400000 13500000	940
Chr10 13500000 13600000	619
Chr10 13600000 13700000	546
Chr10 13700000 13800000	434
Chr10 13800000 13900000	433
Chr10 13900000 14000000	268
Chr10 14000000 14100000	166
Chr10 14100000 14200000	30
Chr10 14200000 14300000	9
Chr10 14300000 14400000	270
Chr10 14400000 14500000	261
Chr10 14500000 14600000	824
Chr10 14600000 14700000	289
Chr10 14700000 14800000	616
Chr10 14800000 14900000	540
Chr10 14900000 15000000	468
Chr10 15000000 15100000	376
Chr10 15100000 15200000	310
Chr10 15200000 15300000	700
Chr10 15300000 15400000	603
Chr10 15400000 15500000	577
Chr10 15500000 15600000	625
Chr10 15600000 15700000	1042
Chr10 15700000 15800000	935
Chr10 15800000 15900000	1369
Chr10 15900000 16000000	407
Chr10 16000000 16100000	500
Chr10 16100000 16200000	644
Chr10 16200000 16300000	669
Chr10 16300000 16400000	689
Chr10 16400000 16500000	410
Chr10 16500000 16600000	813
Chr10 16600000 16700000	491
Chr10 16700000 16800000	708
Chr10 16800000 16900000	677
Chr10 16900000 17000000	333
Chr10 17000000 17100000	243
Chr10 17100000 17200000	182
Chr10 17200000 17300000	254
Chr10 17300000 17400000	411
Chr10 17400000 17500000	687
Chr10 17500000 17600000	1376
Chr10 17600000 17700000	1582
Chr10 17700000 17800000	732
Chr10 17800000 17900000	418
Chr10 17900000 18000000	922
Chr10 18000000 18100000	369
Chr10 18100000 18200000	1045
Chr10 18200000 18300000	749
Chr10 18300000 18400000	1386
Chr10 18400000 18500000	199
Chr10 18500000 18600000	4
Chr10 18600000 18700000	6
Chr10 18700000 18800000	5
Chr10 18800000 18900000	4
Chr10 18900000 19000000	8
Chr10 19000000 19100000	6
Chr10 19100000 19200000	4
Chr10 19200000 19300000	3
Chr10 19300000 19400000	3
Chr10 19400000 19500000	5
Chr10 19500000 19600000	6
Chr10 19600000 19700000	6
Chr10 19700000 19800000	12
Chr10 19800000 19900000	77
Chr10 19900000 20000000	279
Chr10 20000000 20100000	138
Chr10 20100000 20200000	364
Chr10 20200000 20300000	295
Chr10 20300000 20400000	41
Chr10 20400000 20500000	139
Chr10 20500000 20600000	78
Chr10 20600000 20700000	93
Chr10 20700000 20800000	111
Chr10 20800000 20900000	306
Chr10 20900000 21000000	22
Chr10 21000000 21100000	5
Chr10 21100000 21200000	2
Chr10 21200000 21300000	457
Chr10 21300000 21400000	321
Chr10 21400000 21500000	412
Chr10 21500000 21600000	706
Chr10 21600000 21700000	252
Chr10 21700000 21800000	252
Chr10 21800000 21900000	321
Chr10 21900000 22000000	156
Chr10 22000000 22100000	302
Chr10 22100000 22200000	230
Chr10 22200000 22300000	5
Chr10 22300000 22400000	7
Chr10 22400000 22500000	4
Chr10 22500000 22600000	7
Chr10 22600000 22700000	6
Chr10 22700000 22800000	9
Chr10 22800000 22900000	1
Chr10 22900000 23000000	7
Chr10 23000000 23100000	11
Chr10 23100000 23200000	8
Chr10 23200000 23300000	4
Chr10 23300000 23400000	0
Chr10 23400000 23500000	0
Chr10 23500000 23600000	0
Chr10 23600000 23700000	0
Chr10 23700000 23800000	2
Chr10 23800000 23900000	2
Chr10 23900000 24000000	2
Chr10 24000000 24100000	4
Chr10 24100000 24200000	295
Chr10 24200000 24300000	467
Chr10 24300000 24400000	429
Chr10 24400000 24500000	159
Chr10 24500000 24600000	140
Chr10 24600000 24700000	90
Chr10 24700000 24800000	138
Chr10 24800000 24900000	2
Chr10 24900000 25000000	25
Chr10 25000000 25100000	3
Chr11 0 100000	174
Chr11 100000 200000	130
Chr11 200000 300000	3
Chr11 300000 400000	51
Chr11 400000 500000	204
Chr11 500000 600000	134
Chr11 600000 700000	26
Chr11 700000 800000	119
Chr11 800000 900000	149
Chr11 900000 1000000	137
Chr11 1000000 1100000	100
Chr11 1100000 1200000	148
Chr11 1200000 1300000	4
Chr11 1300000 1400000	2
Chr11 1400000 1500000	0
Chr11 1500000 1600000	0
Chr11 1600000 1700000	257
Chr11 1700000 1800000	227
Chr11 1800000 1900000	156
Chr11 1900000 2000000	306
Chr11 2000000 2100000	332
Chr11 2100000 2200000	170
Chr11 2200000 2300000	578
Chr11 2300000 2400000	550
Chr11 2400000 2500000	546
Chr11 2500000 2600000	827
Chr11 2600000 2700000	1041
Chr11 2700000 2800000	187
Chr11 2800000 2900000	587
Chr11 2900000 3000000	128
Chr11 3000000 3100000	10
Chr11 3100000 3200000	396
Chr11 3200000 3300000	494
Chr11 3300000 3400000	420
Chr11 3400000 3500000	549
Chr11 3500000 3600000	262
Chr11 3600000 3700000	405
Chr11 3700000 3800000	996
Chr11 3800000 3900000	378
Chr11 3900000 4000000	11
Chr11 4000000 4100000	3
Chr11 4100000 4200000	2
Chr11 4200000 4300000	11
Chr11 4300000 4400000	7
Chr11 4400000 4500000	5
Chr11 4500000 4600000	9
Chr11 4600000 4700000	209
Chr11 4700000 4800000	872
Chr11 4800000 4900000	491
Chr11 4900000 5000000	186
Chr11 5000000 5100000	829
Chr11 5100000 5200000	1209
Chr11 5200000 5300000	836
Chr11 5300000 5400000	780
Chr11 5400000 5500000	146
Chr11 5500000 5600000	139
Chr11 5600000 5700000	387
Chr11 5700000 5800000	356
Chr11 5800000 5900000	670
Chr11 5900000 6000000	603
Chr11 6000000 6100000	481
Chr11 6100000 6200000	1071
Chr11 6200000 6300000	821
Chr11 6300000 6400000	81
Chr11 6400000 6500000	458
Chr11 6500000 6600000	544
Chr11 6600000 6700000	507
Chr11 6700000 6800000	1268
Chr11 6800000 6900000	108
Chr11 6900000 7000000	65
Chr11 7000000 7100000	0
Chr11 7100000 7200000	0
Chr11 7200000 7300000	0
Chr11 7300000 7400000	34
Chr11 7400000 7500000	24
Chr11 7500000 7600000	14
Chr11 7600000 7700000	657
Chr11 7700000 7800000	609
Chr11 7800000 7900000	693
Chr11 7900000 8000000	698
Chr11 8000000 8100000	985
Chr11 8100000 8200000	494
Chr11 8200000 8300000	637
Chr11 8300000 8400000	663
Chr11 8400000 8500000	606
Chr11 8500000 8600000	271
Chr11 8600000 8700000	89
Chr11 8700000 8800000	7
Chr11 8800000 8900000	223
Chr11 8900000 9000000	450
Chr11 9000000 9100000	104
Chr11 9100000 9200000	162
Chr11 9200000 9300000	224
Chr11 9300000 9400000	1013
Chr11 9400000 9500000	400
Chr11 9500000 9600000	661
Chr11 9600000 9700000	249
Chr11 9700000 9800000	359
Chr11 9800000 9900000	66
Chr11 9900000 10000000	51
Chr11 10000000 10100000	324
Chr11 10100000 10200000	252
Chr11 10200000 10300000	295
Chr11 10300000 10400000	454
Chr11 10400000 10500000	711
Chr11 10500000 10600000	104
Chr11 10600000 10700000	160
Chr11 10700000 10800000	460
Chr11 10800000 10900000	113
Chr11 10900000 11000000	108
Chr11 11000000 11100000	0
Chr11 11100000 11200000	34
Chr11 11200000 11300000	10
Chr11 11300000 11400000	3
Chr11 11400000 11500000	8
Chr11 11500000 11600000	5
Chr11 11600000 11700000	4
Chr11 11700000 11800000	13
Chr11 11800000 11900000	321
Chr11 11900000 12000000	132
Chr11 12000000 12100000	237
Chr11 12100000 12200000	169
Chr11 12200000 12300000	176
Chr11 12300000 12400000	438
Chr11 12400000 12500000	258
Chr11 12500000 12600000	337
Chr11 12600000 12700000	168
Chr11 12700000 12800000	85
Chr11 12800000 12900000	84
Chr11 12900000 13000000	63
Chr11 13000000 13100000	35
Chr11 13100000 13200000	193
Chr11 13200000 13300000	70
Chr11 13300000 13400000	239
Chr11 13400000 13500000	68
Chr11 13500000 13600000	198
Chr11 13600000 13700000	150
Chr11 13700000 13800000	5
Chr11 13800000 13900000	0
Chr11 13900000 14000000	53
Chr11 14000000 14100000	12
Chr11 14100000 14200000	47
Chr11 14200000 14300000	125
Chr11 14300000 14400000	10
Chr11 14400000 14500000	0
Chr11 14500000 14600000	1
Chr11 14600000 14700000	143
Chr11 14700000 14800000	53
Chr11 14800000 14900000	47
Chr11 14900000 15000000	31
Chr11 15000000 15100000	108
Chr11 15100000 15200000	132
Chr11 15200000 15300000	121
Chr11 15300000 15400000	102
Chr11 15400000 15500000	180
Chr11 15500000 15600000	58
Chr11 15600000 15700000	12
Chr11 15700000 15800000	135
Chr11 15800000 15900000	60
Chr11 15900000 16000000	132
Chr11 16000000 16100000	143
Chr11 16100000 16200000	118
Chr11 16200000 16300000	152
Chr11 16300000 16400000	295
Chr11 16400000 16500000	503
Chr11 16500000 16600000	1232
Chr11 16600000 16700000	558
Chr11 16700000 16800000	123
Chr11 16800000 16900000	207
Chr11 16900000 17000000	49
Chr11 17000000 17100000	0
Chr11 17100000 17200000	7
Chr11 17200000 17300000	72
Chr11 17300000 17400000	149
Chr11 17400000 17500000	185
Chr11 17500000 17600000	220
Chr11 17600000 17700000	320
Chr11 17700000 17800000	253
Chr11 17800000 17900000	144
Chr11 17900000 18000000	50
Chr11 18000000 18100000	27
Chr11 18100000 18200000	0
Chr11 18200000 18300000	168
Chr11 18300000 18400000	250
Chr11 18400000 18500000	419
Chr11 18500000 18600000	520
Chr11 18600000 18700000	298
Chr11 18700000 18800000	468
Chr11 18800000 18900000	178
Chr11 18900000 19000000	1689
Chr11 19000000 19100000	405
Chr11 19100000 19200000	79
Chr11 19200000 19300000	239
Chr11 19300000 19400000	351
Chr11 19400000 19500000	193
Chr11 19500000 19600000	227
Chr11 19600000 19700000	316
Chr11 19700000 19800000	587
Chr11 19800000 19900000	209
Chr11 19900000 20000000	712
Chr11 20000000 20100000	366
Chr11 20100000 20200000	318
Chr11 20200000 20300000	398
Chr11 20300000 20400000	609
Chr11 20400000 20500000	688
Chr11 20500000 20600000	1110
Chr11 20600000 20700000	705
Chr11 20700000 20800000	562
Chr11 20800000 20900000	281
Chr11 20900000 21000000	719
Chr11 21000000 21100000	403
Chr11 21100000 21200000	654
Chr11 21200000 21300000	1177
Chr11 21300000 21400000	415
Chr11 21400000 21500000	133
Chr11 21500000 21600000	250
Chr11 21600000 21700000	2
Chr11 21700000 21800000	7
Chr11 21800000 21900000	1
Chr11 21900000 22000000	527
Chr11 22000000 22100000	782
Chr11 22100000 22200000	347
Chr11 22200000 22300000	456
Chr11 22300000 22400000	389
Chr11 22400000 22500000	443
Chr11 22500000 22600000	2
Chr11 22600000 22700000	3
Chr11 22700000 22800000	4
Chr11 22800000 22900000	373
Chr11 22900000 23000000	250
Chr11 23000000 23100000	6
Chr11 23100000 23200000	94
Chr11 23200000 23300000	360
Chr11 23300000 23400000	106
Chr11 23400000 23500000	514
Chr11 23500000 23600000	432
Chr11 23600000 23700000	253
Chr11 23700000 23800000	0
Chr11 23800000 23900000	1
Chr11 23900000 24000000	0
Chr11 24000000 24100000	1
Chr11 24100000 24200000	1
Chr11 24200000 24300000	0
Chr11 24300000 24400000	0
Chr11 24400000 24500000	0
Chr11 24500000 24600000	0
Chr11 24600000 24700000	0
Chr11 24700000 24800000	1
Chr11 24800000 24900000	0
Chr11 24900000 25000000	0
Chr11 25000000 25100000	0
Chr11 25100000 25200000	11
Chr11 25200000 25300000	0
Chr11 25300000 25400000	0
Chr11 25400000 25500000	0
Chr11 25500000 25600000	1
Chr11 25600000 25700000	0
Chr11 25700000 25800000	0
Chr11 25800000 25900000	0
Chr11 25900000 26000000	2
Chr11 26000000 26100000	0
Chr11 26100000 26200000	0
Chr11 26200000 26300000	1
Chr11 26300000 26400000	0
Chr11 26400000 26500000	0
Chr11 26500000 26600000	1
Chr11 26600000 26700000	0
Chr11 26700000 26800000	1
Chr11 26800000 26900000	2
Chr11 26900000 27000000	1
Chr11 27000000 27100000	0
Chr11 27100000 27200000	1
Chr11 27200000 27300000	1
Chr11 27300000 27400000	0
Chr11 27400000 27500000	0
Chr11 27500000 27600000	1
Chr11 27600000 27700000	0
Chr11 27700000 27800000	0
Chr11 27800000 27900000	0
Chr11 27900000 28000000	1
Chr11 28000000 28100000	8
Chr11 28100000 28200000	2
Chr11 28200000 28300000	140
Chr11 28300000 28400000	424
Chr11 28400000 28500000	146
Chr11 28500000 28600000	358
Chr11 28600000 28700000	301
Chr11 28700000 28800000	0
Chr11 28800000 28900000	50
Chr11 28900000 29000000	258
Chr11 29000000 29100000	331
Chr11 29100000 29200000	187
Chr11 29200000 29300000	618
Chr11 29300000 29400000	28
Chr11 29400000 29500000	0
Chr11 29500000 29600000	0
Chr11 29600000 29700000	0
Chr11 29700000 29800000	2
Chr11 29800000 29900000	0
Chr11 29900000 30000000	0
Chr11 30000000 30100000	0
Chr11 30100000 30200000	0
Chr11 30200000 30300000	0
Chr11 30300000 30400000	0
Chr11 30400000 30500000	0
Chr11 30500000 30600000	0
Chr11 30600000 30700000	0
Chr11 30700000 30800000	0
Chr11 30800000 30900000	0
Chr11 30900000 31000000	9
Chr11 31000000 31100000	0
Chr11 31100000 31200000	0
Chr11 31200000 31300000	0
Chr11 31300000 31400000	1
Chr11 31400000 31500000	1
Chr11 31500000 31600000	0
Chr11 31600000 31700000	5
Chr11 31700000 31800000	3
Chr11 31800000 31900000	0
Chr11 31900000 32000000	1
Chr11 32000000 32100000	0
Chr11 32100000 32200000	0
Chr11 32200000 32300000	0
Chr11 32300000 32400000	0
Chr11 32400000 32500000	1
Chr11 32500000 32600000	0
Chr11 32600000 32700000	0
Chr11 32700000 32800000	7
Chr11 32800000 32900000	0
Chr11 32900000 33000000	0
Chr11 33000000 33100000	14
Chr11 33100000 33200000	41
Chr11 33200000 33300000	230
Chr11 33300000 33400000	325
Chr11 33400000 33500000	289
Chr11 33500000 33600000	55
Chr12 0 100000	1
Chr12 100000 200000	0
Chr12 200000 300000	280
Chr12 300000 400000	188
Chr12 400000 500000	154
Chr12 500000 600000	3
Chr12 600000 700000	1
Chr12 700000 800000	3
Chr12 800000 900000	3
Chr12 900000 1000000	1
Chr12 1000000 1100000	1
Chr12 1100000 1200000	228
Chr12 1200000 1300000	4
Chr12 1300000 1400000	9
Chr12 1400000 1500000	19
Chr12 1500000 1600000	3
Chr12 1600000 1700000	3
Chr12 1700000 1800000	3
Chr12 1800000 1900000	2
Chr12 1900000 2000000	3
Chr12 2000000 2100000	3
Chr12 2100000 2200000	5
Chr12 2200000 2300000	44
Chr12 2300000 2400000	23
Chr12 2400000 2500000	6
Chr12 2500000 2600000	5
Chr12 2600000 2700000	9
Chr12 2700000 2800000	10
Chr12 2800000 2900000	10
Chr12 2900000 3000000	1
Chr12 3000000 3100000	1
Chr12 3100000 3200000	2
Chr12 3200000 3300000	0
Chr12 3300000 3400000	0
Chr12 3400000 3500000	1
Chr12 3500000 3600000	0
Chr12 3600000 3700000	0
Chr12 3700000 3800000	0
Chr12 3800000 3900000	6
Chr12 3900000 4000000	1
Chr12 4000000 4100000	2
Chr12 4100000 4200000	0
Chr12 4200000 4300000	0
Chr12 4300000 4400000	0
Chr12 4400000 4500000	1
Chr12 4500000 4600000	0
Chr12 4600000 4700000	0
Chr12 4700000 4800000	0
Chr12 4800000 4900000	1
Chr12 4900000 5000000	9
Chr12 5000000 5100000	14
Chr12 5100000 5200000	33
Chr12 5200000 5300000	4
Chr12 5300000 5400000	6
Chr12 5400000 5500000	4
Chr12 5500000 5600000	3
Chr12 5600000 5700000	2
Chr12 5700000 5800000	1
Chr12 5800000 5900000	3
Chr12 5900000 6000000	2
Chr12 6000000 6100000	1
Chr12 6100000 6200000	3
Chr12 6200000 6300000	1
Chr12 6300000 6400000	3
Chr12 6400000 6500000	2
Chr12 6500000 6600000	2
Chr12 6600000 6700000	317
Chr12 6700000 6800000	458
Chr12 6800000 6900000	400
Chr12 6900000 7000000	478
Chr12 7000000 7100000	641
Chr12 7100000 7200000	347
Chr12 7200000 7300000	613
Chr12 7300000 7400000	1002
Chr12 7400000 7500000	1537
Chr12 7500000 7600000	717
Chr12 7600000 7700000	413
Chr12 7700000 7800000	273
Chr12 7800000 7900000	529
Chr12 7900000 8000000	300
Chr12 8000000 8100000	547
Chr12 8100000 8200000	647
Chr12 8200000 8300000	913
Chr12 8300000 8400000	866
Chr12 8400000 8500000	415
Chr12 8500000 8600000	456
Chr12 8600000 8700000	471
Chr12 8700000 8800000	224
Chr12 8800000 8900000	196
Chr12 8900000 9000000	305
Chr12 9000000 9100000	154
Chr12 9100000 9200000	0
Chr12 9200000 9300000	139
Chr12 9300000 9400000	288
Chr12 9400000 9500000	318
Chr12 9500000 9600000	392
Chr12 9600000 9700000	222
Chr12 9700000 9800000	767
Chr12 9800000 9900000	294
Chr12 9900000 10000000	789
Chr12 10000000 10100000	178
Chr12 10100000 10200000	508
Chr12 10200000 10300000	1303
Chr12 10300000 10400000	854
Chr12 10400000 10500000	156
Chr12 10500000 10600000	415
Chr12 10600000 10700000	342
Chr12 10700000 10800000	392
Chr12 10800000 10900000	923
Chr12 10900000 11000000	192
Chr12 11000000 11100000	6
Chr12 11100000 11200000	282
Chr12 11200000 11300000	171
Chr12 11300000 11400000	66
Chr12 11400000 11500000	309
Chr12 11500000 11600000	20
Chr12 11600000 11700000	761
Chr12 11700000 11800000	507
Chr12 11800000 11900000	789
Chr12 11900000 12000000	965
Chr12 12000000 12100000	143
Chr12 12100000 12200000	22
Chr12 12200000 12300000	263
Chr12 12300000 12400000	95
Chr12 12400000 12500000	63
Chr12 12500000 12600000	183
Chr12 12600000 12700000	303
Chr12 12700000 12800000	87
Chr12 12800000 12900000	180
Chr12 12900000 13000000	745
Chr12 13000000 13100000	120
Chr12 13100000 13200000	181
Chr12 13200000 13300000	7
Chr12 13300000 13400000	303
Chr12 13400000 13500000	631
Chr12 13500000 13600000	440
Chr12 13600000 13700000	327
Chr12 13700000 13800000	312
Chr12 13800000 13900000	523
Chr12 13900000 14000000	341
Chr12 14000000 14100000	200
Chr12 14100000 14200000	232
Chr12 14200000 14300000	55
Chr12 14300000 14400000	94
Chr12 14400000 14500000	579
Chr12 14500000 14600000	276
Chr12 14600000 14700000	145
Chr12 14700000 14800000	247
Chr12 14800000 14900000	194
Chr12 14900000 15000000	374
Chr12 15000000 15100000	962
Chr12 15100000 15200000	579
Chr12 15200000 15300000	134
Chr12 15300000 15400000	2
Chr12 15400000 15500000	0
Chr12 15500000 15600000	0
Chr12 15600000 15700000	0
Chr12 15700000 15800000	0
Chr12 15800000 15900000	310
Chr12 15900000 16000000	311
Chr12 16000000 16100000	53
Chr12 16100000 16200000	344
Chr12 16200000 16300000	395
Chr12 16300000 16400000	83
Chr12 16400000 16500000	126
Chr12 16500000 16600000	117
Chr12 16600000 16700000	666
Chr12 16700000 16800000	734
Chr12 16800000 16900000	377
Chr12 16900000 17000000	530
Chr12 17000000 17100000	1139
Chr12 17100000 17200000	395
Chr12 17200000 17300000	949
Chr12 17300000 17400000	152
Chr12 17400000 17500000	1202
Chr12 17500000 17600000	962
Chr12 17600000 17700000	572
Chr12 17700000 17800000	637
Chr12 17800000 17900000	620
Chr12 17900000 18000000	338
Chr12 18000000 18100000	15
Chr12 18100000 18200000	409
Chr12 18200000 18300000	798
Chr12 18300000 18400000	347
Chr12 18400000 18500000	1151
Chr12 18500000 18600000	628
Chr12 18600000 18700000	534
Chr12 18700000 18800000	195
Chr12 18800000 18900000	165
Chr12 18900000 19000000	452
Chr12 19000000 19100000	477
Chr12 19100000 19200000	957
Chr12 19200000 19300000	1340
Chr12 19300000 19400000	1236
Chr12 19400000 19500000	1042
Chr12 19500000 19600000	536
Chr12 19600000 19700000	626
Chr12 19700000 19800000	1048
Chr12 19800000 19900000	485
Chr12 19900000 20000000	892
Chr12 20000000 20100000	478
Chr12 20100000 20200000	472
Chr12 20200000 20300000	165
Chr12 20300000 20400000	3
Chr12 20400000 20500000	4
Chr12 20500000 20600000	4
Chr12 20600000 20700000	3
Chr12 20700000 20800000	14
Chr12 20800000 20900000	11
Chr12 20900000 21000000	80
Chr12 21000000 21100000	30
Chr12 21100000 21200000	58
Chr12 21200000 21300000	163
Chr12 21300000 21400000	407
Chr12 21400000 21500000	481
Chr12 21500000 21600000	303
Chr12 21600000 21700000	1147
Chr12 21700000 21800000	594
Chr12 21800000 21900000	366
Chr12 21900000 22000000	1417
Chr12 22000000 22100000	42
Chr12 22100000 22200000	450
Chr12 22200000 22300000	332
Chr12 22300000 22400000	9
Chr12 22400000 22500000	166
Chr12 22500000 22600000	426
Chr12 22600000 22700000	552
Chr12 22700000 22800000	8
Chr12 22800000 22900000	252
Chr12 22900000 23000000	930
Chr12 23000000 23100000	694
Chr12 23100000 23200000	420
Chr12 23200000 23300000	535
Chr12 23300000 23400000	420
Chr12 23400000 23500000	921
Chr12 23500000 23600000	521
Chr12 23600000 23700000	414
Chr12 23700000 23800000	881
Chr12 23800000 23900000	492
Chr12 23900000 24000000	340
Chr12 24000000 24100000	378
Chr12 24100000 24200000	558
Chr12 24200000 24300000	400
Chr12 24300000 24400000	3
Chr12 24400000 24500000	3
Chr12 24500000 24600000	4
Chr12 24600000 24700000	24
Chr12 24700000 24800000	231
Chr12 24800000 24900000	10
Chr12 24900000 25000000	18
Chr12 25000000 25100000	6
Chr12 25100000 25200000	81
Chr12 25200000 25300000	132
Chr12 25300000 25400000	762
Chr12 25400000 25500000	846
Chr12 25500000 25600000	520
Chr12 25600000 25700000	29
Chr12 25700000 25800000	4
Chr12 25800000 25900000	234
Chr12 25900000 26000000	493
Chr12 26000000 26100000	264
Chr12 26100000 26200000	403
Chr12 26200000 26300000	594
Chr12 26300000 26400000	87
Chr12 26400000 26500000	10
Chr12 26500000 26600000	9
Chr12 26600000 26700000	67
Chr12 26700000 26800000	2
Chr12 26800000 26900000	2
Chr12 26900000 27000000	0
Chr12 27000000 27100000	0
Chr12 27100000 27200000	1
Chr2 0 100000	425
Chr2 100000 200000	59
Chr2 200000 300000	1
Chr2 300000 400000	0
Chr2 400000 500000	0
Chr2 500000 600000	235
Chr2 600000 700000	223
Chr2 700000 800000	197
Chr2 800000 900000	279
Chr2 900000 1000000	18
Chr2 1000000 1100000	8
Chr2 1100000 1200000	13
Chr2 1200000 1300000	21
Chr2 1300000 1400000	23
Chr2 1400000 1500000	551
Chr2 1500000 1600000	6
Chr2 1600000 1700000	7
Chr2 1700000 1800000	7
Chr2 1800000 1900000	0
Chr2 1900000 2000000	1
Chr2 2000000 2100000	0
Chr2 2100000 2200000	0
Chr2 2200000 2300000	8
Chr2 2300000 2400000	0
Chr2 2400000 2500000	0
Chr2 2500000 2600000	33
Chr2 2600000 2700000	300
Chr2 2700000 2800000	158
Chr2 2800000 2900000	4
Chr2 2900000 3000000	5
Chr2 3000000 3100000	7
Chr2 3100000 3200000	5
Chr2 3200000 3300000	9
Chr2 3300000 3400000	3
Chr2 3400000 3500000	13
Chr2 3500000 3600000	318
Chr2 3600000 3700000	5
Chr2 3700000 3800000	7
Chr2 3800000 3900000	359
Chr2 3900000 4000000	115
Chr2 4000000 4100000	253
Chr2 4100000 4200000	148
Chr2 4200000 4300000	90
Chr2 4300000 4400000	184
Chr2 4400000 4500000	359
Chr2 4500000 4600000	93
Chr2 4600000 4700000	5
Chr2 4700000 4800000	44
Chr2 4800000 4900000	310
Chr2 4900000 5000000	135
Chr2 5000000 5100000	223
Chr2 5100000 5200000	369
Chr2 5200000 5300000	364
Chr2 5300000 5400000	20
Chr2 5400000 5500000	158
Chr2 5500000 5600000	145
Chr2 5600000 5700000	267
Chr2 5700000 5800000	47
Chr2 5800000 5900000	106
Chr2 5900000 6000000	163
Chr2 6000000 6100000	125
Chr2 6100000 6200000	729
Chr2 6200000 6300000	117
Chr2 6300000 6400000	793
Chr2 6400000 6500000	607
Chr2 6500000 6600000	323
Chr2 6600000 6700000	9
Chr2 6700000 6800000	181
Chr2 6800000 6900000	3
Chr2 6900000 7000000	0
Chr2 7000000 7100000	0
Chr2 7100000 7200000	0
Chr2 7200000 7300000	0
Chr2 7300000 7400000	0
Chr2 7400000 7500000	0
Chr2 7500000 7600000	1
Chr2 7600000 7700000	1
Chr2 7700000 7800000	0
Chr2 7800000 7900000	0
Chr2 7900000 8000000	0
Chr2 8000000 8100000	0
Chr2 8100000 8200000	0
Chr2 8200000 8300000	0
Chr2 8300000 8400000	0
Chr2 8400000 8500000	0
Chr2 8500000 8600000	3
Chr2 8600000 8700000	0
Chr2 8700000 8800000	0
Chr2 8800000 8900000	0
Chr2 8900000 9000000	1
Chr2 9000000 9100000	1
Chr2 9100000 9200000	0
Chr2 9200000 9300000	0
Chr2 9300000 9400000	0
Chr2 9400000 9500000	0
Chr2 9500000 9600000	0
Chr2 9600000 9700000	0
Chr2 9700000 9800000	0
Chr2 9800000 9900000	0
Chr2 9900000 10000000	0
Chr2 10000000 10100000	0
Chr2 10100000 10200000	0
Chr2 10200000 10300000	0
Chr2 10300000 10400000	0
Chr2 10400000 10500000	0
Chr2 10500000 10600000	0
Chr2 10600000 10700000	0
Chr2 10700000 10800000	0
Chr2 10800000 10900000	0
Chr2 10900000 11000000	0
Chr2 11000000 11100000	2
Chr2 11100000 11200000	0
Chr2 11200000 11300000	0
Chr2 11300000 11400000	0
Chr2 11400000 11500000	0
Chr2 11500000 11600000	1
Chr2 11600000 11700000	0
Chr2 11700000 11800000	0
Chr2 11800000 11900000	0
Chr2 11900000 12000000	0
Chr2 12000000 12100000	0
Chr2 12100000 12200000	0
Chr2 12200000 12300000	0
Chr2 12300000 12400000	0
Chr2 12400000 12500000	0
Chr2 12500000 12600000	0
Chr2 12600000 12700000	0
Chr2 12700000 12800000	0
Chr2 12800000 12900000	0
Chr2 12900000 13000000	3
Chr2 13000000 13100000	0
Chr2 13100000 13200000	2
Chr2 13200000 13300000	0
Chr2 13300000 13400000	0
Chr2 13400000 13500000	2
Chr2 13500000 13600000	0
Chr2 13600000 13700000	0
Chr2 13700000 13800000	0
Chr2 13800000 13900000	0
Chr2 13900000 14000000	0
Chr2 14000000 14100000	1
Chr2 14100000 14200000	0
Chr2 14200000 14300000	0
Chr2 14300000 14400000	2
Chr2 14400000 14500000	0
Chr2 14500000 14600000	0
Chr2 14600000 14700000	0
Chr2 14700000 14800000	0
Chr2 14800000 14900000	0
Chr2 14900000 15000000	0
Chr2 15000000 15100000	0
Chr2 15100000 15200000	1
Chr2 15200000 15300000	10
Chr2 15300000 15400000	1
Chr2 15400000 15500000	0
Chr2 15500000 15600000	0
Chr2 15600000 15700000	0
Chr2 15700000 15800000	0
Chr2 15800000 15900000	0
Chr2 15900000 16000000	0
Chr2 16000000 16100000	0
Chr2 16100000 16200000	0
Chr2 16200000 16300000	0
Chr2 16300000 16400000	0
Chr2 16400000 16500000	2
Chr2 16500000 16600000	1
Chr2 16600000 16700000	0
Chr2 16700000 16800000	0
Chr2 16800000 16900000	0
Chr2 16900000 17000000	1
Chr2 17000000 17100000	0
Chr2 17100000 17200000	0
Chr2 17200000 17300000	0
Chr2 17300000 17400000	0
Chr2 17400000 17500000	0
Chr2 17500000 17600000	0
Chr2 17600000 17700000	0
Chr2 17700000 17800000	1
Chr2 17800000 17900000	0
Chr2 17900000 18000000	2
Chr2 18000000 18100000	1
Chr2 18100000 18200000	2
Chr2 18200000 18300000	0
Chr2 18300000 18400000	12
Chr2 18400000 18500000	1
Chr2 18500000 18600000	0
Chr2 18600000 18700000	0
Chr2 18700000 18800000	0
Chr2 18800000 18900000	0
Chr2 18900000 19000000	0
Chr2 19000000 19100000	0
Chr2 19100000 19200000	0
Chr2 19200000 19300000	0
Chr2 19300000 19400000	1
Chr2 19400000 19500000	29
Chr2 19500000 19600000	3
Chr2 19600000 19700000	0
Chr2 19700000 19800000	0
Chr2 19800000 19900000	0
Chr2 19900000 20000000	0
Chr2 20000000 20100000	1
Chr2 20100000 20200000	2
Chr2 20200000 20300000	2
Chr2 20300000 20400000	0
Chr2 20400000 20500000	9
Chr2 20500000 20600000	1
Chr2 20600000 20700000	2
Chr2 20700000 20800000	0
Chr2 20800000 20900000	0
Chr2 20900000 21000000	576
Chr2 21000000 21100000	725
Chr2 21100000 21200000	1430
Chr2 21200000 21300000	125
Chr2 21300000 21400000	50
Chr2 21400000 21500000	159
Chr2 21500000 21600000	219
Chr2 21600000 21700000	3
Chr2 21700000 21800000	30
Chr2 21800000 21900000	142
Chr2 21900000 22000000	226
Chr2 22000000 22100000	320
Chr2 22100000 22200000	1145
Chr2 22200000 22300000	647
Chr2 22300000 22400000	231
Chr2 22400000 22500000	273
Chr2 22500000 22600000	330
Chr2 22600000 22700000	284
Chr2 22700000 22800000	160
Chr2 22800000 22900000	322
Chr2 22900000 23000000	70
Chr2 23000000 23100000	272
Chr2 23100000 23200000	313
Chr2 23200000 23300000	310
Chr2 23300000 23400000	191
Chr2 23400000 23500000	295
Chr2 23500000 23600000	490
Chr2 23600000 23700000	706
Chr2 23700000 23800000	1235
Chr2 23800000 23900000	155
Chr2 23900000 24000000	97
Chr2 24000000 24100000	7
Chr2 24100000 24200000	4
Chr2 24200000 24300000	416
Chr2 24300000 24400000	501
Chr2 24400000 24500000	350
Chr2 24500000 24600000	460
Chr2 24600000 24700000	430
Chr2 24700000 24800000	558
Chr2 24800000 24900000	379
Chr2 24900000 25000000	428
Chr2 25000000 25100000	439
Chr2 25100000 25200000	463
Chr2 25200000 25300000	653
Chr2 25300000 25400000	309
Chr2 25400000 25500000	6
Chr2 25500000 25600000	5
Chr2 25600000 25700000	7
Chr2 25700000 25800000	1
Chr2 25800000 25900000	0
Chr2 25900000 26000000	0
Chr2 26000000 26100000	3
Chr2 26100000 26200000	307
Chr2 26200000 26300000	401
Chr2 26300000 26400000	357
Chr2 26400000 26500000	484
Chr2 26500000 26600000	488
Chr2 26600000 26700000	554
Chr2 26700000 26800000	235
Chr2 26800000 26900000	509
Chr2 26900000 27000000	712
Chr2 27000000 27100000	262
Chr2 27100000 27200000	500
Chr2 27200000 27300000	401
Chr2 27300000 27400000	417
Chr2 27400000 27500000	343
Chr2 27500000 27600000	410
Chr2 27600000 27700000	251
Chr2 27700000 27800000	194
Chr2 27800000 27900000	134
Chr2 27900000 28000000	454
Chr2 28000000 28100000	566
Chr2 28100000 28200000	577
Chr2 28200000 28300000	327
Chr2 28300000 28400000	19
Chr2 28400000 28500000	25
Chr2 28500000 28600000	6
Chr2 28600000 28700000	8
Chr2 28700000 28800000	14
Chr2 28800000 28900000	22
Chr2 28900000 29000000	13
Chr2 29000000 29100000	14
Chr2 29100000 29200000	11
Chr2 29200000 29300000	15
Chr2 29300000 29400000	14
Chr2 29400000 29500000	9
Chr2 29500000 29600000	10
Chr2 29600000 29700000	13
Chr2 29700000 29800000	15
Chr2 29800000 29900000	14
Chr2 29900000 30000000	9
Chr2 30000000 30100000	23
Chr2 30100000 30200000	35
Chr2 30200000 30300000	29
Chr2 30300000 30400000	66
Chr2 30400000 30500000	26
Chr2 30500000 30600000	56
Chr2 30600000 30700000	80
Chr2 30700000 30800000	40
Chr2 30800000 30900000	25
Chr2 30900000 31000000	195
Chr2 31000000 31100000	248
Chr2 31100000 31200000	588
Chr2 31200000 31300000	512
Chr2 31300000 31400000	570
Chr2 31400000 31500000	519
Chr2 31500000 31600000	587
Chr2 31600000 31700000	447
Chr2 31700000 31800000	300
Chr2 31800000 31900000	544
Chr2 31900000 32000000	265
Chr2 32000000 32100000	384
Chr2 32100000 32200000	420
Chr2 32200000 32300000	443
Chr2 32300000 32400000	581
Chr2 32400000 32500000	553
Chr2 32500000 32600000	379
Chr2 32600000 32700000	386
Chr2 32700000 32800000	446
Chr2 32800000 32900000	452
Chr2 32900000 33000000	524
Chr2 33000000 33100000	95
Chr2 33100000 33200000	0
Chr2 33200000 33300000	0
Chr2 33300000 33400000	0
Chr2 33400000 33500000	0
Chr2 33500000 33600000	0
Chr2 33600000 33700000	0
Chr2 33700000 33800000	0
Chr2 33800000 33900000	1
Chr2 33900000 34000000	0
Chr2 34000000 34100000	1
Chr2 34100000 34200000	4
Chr2 34200000 34300000	0
Chr2 34300000 34400000	1
Chr2 34400000 34500000	1
Chr2 34500000 34600000	0
Chr2 34600000 34700000	5
Chr2 34700000 34800000	0
Chr2 34800000 34900000	1
Chr2 34900000 35000000	1
Chr2 35000000 35100000	1
Chr2 35100000 35200000	0
Chr2 35200000 35300000	0
Chr2 35300000 35400000	0
Chr2 35400000 35500000	0
Chr2 35500000 35600000	20
Chr2 35600000 35700000	417
Chr2 35700000 35800000	460
Chr2 35800000 35900000	256
Chr2 35900000 36000000	534
Chr2 36000000 36100000	451
Chr2 36100000 36200000	518
Chr2 36200000 36300000	598
Chr2 36300000 36400000	309
Chr2 36400000 36500000	486
Chr2 36500000 36600000	194
Chr2 36600000 36700000	325
Chr2 36700000 36800000	250
Chr2 36800000 36900000	291
Chr2 36900000 37000000	229
Chr2 37000000 37100000	321
Chr2 37100000 37200000	124
Chr2 37200000 37300000	128
Chr2 37300000 37400000	211
Chr2 37400000 37500000	133
Chr2 37500000 37600000	421
Chr3 0 100000	4
Chr3 100000 200000	2
Chr3 200000 300000	43
Chr3 300000 400000	11
Chr3 400000 500000	7
Chr3 500000 600000	12
Chr3 600000 700000	23
Chr3 700000 800000	3
Chr3 800000 900000	0
Chr3 900000 1000000	0
Chr3 1000000 1100000	0
Chr3 1100000 1200000	1
Chr3 1200000 1300000	0
Chr3 1300000 1400000	0
Chr3 1400000 1500000	0
Chr3 1500000 1600000	2
Chr3 1600000 1700000	0
Chr3 1700000 1800000	0
Chr3 1800000 1900000	1
Chr3 1900000 2000000	0
Chr3 2000000 2100000	39
Chr3 2100000 2200000	543
Chr3 2200000 2300000	390
Chr3 2300000 2400000	84
Chr3 2400000 2500000	1
Chr3 2500000 2600000	1
Chr3 2600000 2700000	0
Chr3 2700000 2800000	1
Chr3 2800000 2900000	0
Chr3 2900000 3000000	0
Chr3 3000000 3100000	0
Chr3 3100000 3200000	2
Chr3 3200000 3300000	0
Chr3 3300000 3400000	3
Chr3 3400000 3500000	1
Chr3 3500000 3600000	0
Chr3 3600000 3700000	0
Chr3 3700000 3800000	0
Chr3 3800000 3900000	2
Chr3 3900000 4000000	465
Chr3 4000000 4100000	199
Chr3 4100000 4200000	0
Chr3 4200000 4300000	0
Chr3 4300000 4400000	0
Chr3 4400000 4500000	0
Chr3 4500000 4600000	0
Chr3 4600000 4700000	0
Chr3 4700000 4800000	482
Chr3 4800000 4900000	564
Chr3 4900000 5000000	582
Chr3 5000000 5100000	495
Chr3 5100000 5200000	542
Chr3 5200000 5300000	782
Chr3 5300000 5400000	453
Chr3 5400000 5500000	563
Chr3 5500000 5600000	533
Chr3 5600000 5700000	510
Chr3 5700000 5800000	603
Chr3 5800000 5900000	508
Chr3 5900000 6000000	409
Chr3 6000000 6100000	459
Chr3 6100000 6200000	73
Chr3 6200000 6300000	0
Chr3 6300000 6400000	0
Chr3 6400000 6500000	0
Chr3 6500000 6600000	1
Chr3 6600000 6700000	0
Chr3 6700000 6800000	2
Chr3 6800000 6900000	1
Chr3 6900000 7000000	1
Chr3 7000000 7100000	1
Chr3 7100000 7200000	0
Chr3 7200000 7300000	0
Chr3 7300000 7400000	0
Chr3 7400000 7500000	0
Chr3 7500000 7600000	1
Chr3 7600000 7700000	0
Chr3 7700000 7800000	1
Chr3 7800000 7900000	3
Chr3 7900000 8000000	0
Chr3 8000000 8100000	0
Chr3 8100000 8200000	0
Chr3 8200000 8300000	0
Chr3 8300000 8400000	0
Chr3 8400000 8500000	0
Chr3 8500000 8600000	0
Chr3 8600000 8700000	0
Chr3 8700000 8800000	0
Chr3 8800000 8900000	0
Chr3 8900000 9000000	0
Chr3 9000000 9100000	0
Chr3 9100000 9200000	0
Chr3 9200000 9300000	0
Chr3 9300000 9400000	0
Chr3 9400000 9500000	2
Chr3 9500000 9600000	5
Chr3 9600000 9700000	0
Chr3 9700000 9800000	0
Chr3 9800000 9900000	0
Chr3 9900000 10000000	0
Chr3 10000000 10100000	0
Chr3 10100000 10200000	0
Chr3 10200000 10300000	0
Chr3 10300000 10400000	0
Chr3 10400000 10500000	0
Chr3 10500000 10600000	1
Chr3 10600000 10700000	2
Chr3 10700000 10800000	0
Chr3 10800000 10900000	0
Chr3 10900000 11000000	0
Chr3 11000000 11100000	0
Chr3 11100000 11200000	3
Chr3 11200000 11300000	0
Chr3 11300000 11400000	0
Chr3 11400000 11500000	0
Chr3 11500000 11600000	1
Chr3 11600000 11700000	0
Chr3 11700000 11800000	0
Chr3 11800000 11900000	0
Chr3 11900000 12000000	1
Chr3 12000000 12100000	0
Chr3 12100000 12200000	0
Chr3 12200000 12300000	0
Chr3 12300000 12400000	1
Chr3 12400000 12500000	0
Chr3 12500000 12600000	1
Chr3 12600000 12700000	0
Chr3 12700000 12800000	2
Chr3 12800000 12900000	0
Chr3 12900000 13000000	53
Chr3 13000000 13100000	632
Chr3 13100000 13200000	626
Chr3 13200000 13300000	842
Chr3 13300000 13400000	554
Chr3 13400000 13500000	211
Chr3 13500000 13600000	117
Chr3 13600000 13700000	8
Chr3 13700000 13800000	4
Chr3 13800000 13900000	8
Chr3 13900000 14000000	0
Chr3 14000000 14100000	9
Chr3 14100000 14200000	2
Chr3 14200000 14300000	50
Chr3 14300000 14400000	122
Chr3 14400000 14500000	109
Chr3 14500000 14600000	185
Chr3 14600000 14700000	7
Chr3 14700000 14800000	8
Chr3 14800000 14900000	119
Chr3 14900000 15000000	48
Chr3 15000000 15100000	58
Chr3 15100000 15200000	0
Chr3 15200000 15300000	0
Chr3 15300000 15400000	2
Chr3 15400000 15500000	5
Chr3 15500000 15600000	2
Chr3 15600000 15700000	1
Chr3 15700000 15800000	0
Chr3 15800000 15900000	0
Chr3 15900000 16000000	0
Chr3 16000000 16100000	0
Chr3 16100000 16200000	1
Chr3 16200000 16300000	1
Chr3 16300000 16400000	0
Chr3 16400000 16500000	0
Chr3 16500000 16600000	0
Chr3 16600000 16700000	0
Chr3 16700000 16800000	1
Chr3 16800000 16900000	0
Chr3 16900000 17000000	1
Chr3 17000000 17100000	2
Chr3 17100000 17200000	1
Chr3 17200000 17300000	0
Chr3 17300000 17400000	2
Chr3 17400000 17500000	0
Chr3 17500000 17600000	0
Chr3 17600000 17700000	0
Chr3 17700000 17800000	0
Chr3 17800000 17900000	0
Chr3 17900000 18000000	0
Chr3 18000000 18100000	0
Chr3 18100000 18200000	0
Chr3 18200000 18300000	0
Chr3 18300000 18400000	0
Chr3 18400000 18500000	0
Chr3 18500000 18600000	6
Chr3 18600000 18700000	0
Chr3 18700000 18800000	3
Chr3 18800000 18900000	3
Chr3 18900000 19000000	0
Chr3 19000000 19100000	0
Chr3 19100000 19200000	4
Chr3 19200000 19300000	1
Chr3 19300000 19400000	2
Chr3 19400000 19500000	3
Chr3 19500000 19600000	0
Chr3 19600000 19700000	0
Chr3 19700000 19800000	0
Chr3 19800000 19900000	0
Chr3 19900000 20000000	0
Chr3 20000000 20100000	0
Chr3 20100000 20200000	0
Chr3 20200000 20300000	0
Chr3 20300000 20400000	0
Chr3 20400000 20500000	0
Chr3 20500000 20600000	0
Chr3 20600000 20700000	0
Chr3 20700000 20800000	0
Chr3 20800000 20900000	2
Chr3 20900000 21000000	0
Chr3 21000000 21100000	4
Chr3 21100000 21200000	0
Chr3 21200000 21300000	1
Chr3 21300000 21400000	0
Chr3 21400000 21500000	0
Chr3 21500000 21600000	1
Chr3 21600000 21700000	0
Chr3 21700000 21800000	1
Chr3 21800000 21900000	0
Chr3 21900000 22000000	1
Chr3 22000000 22100000	2
Chr3 22100000 22200000	0
Chr3 22200000 22300000	0
Chr3 22300000 22400000	1
Chr3 22400000 22500000	0
Chr3 22500000 22600000	0
Chr3 22600000 22700000	0
Chr3 22700000 22800000	0
Chr3 22800000 22900000	0
Chr3 22900000 23000000	0
Chr3 23000000 23100000	1
Chr3 23100000 23200000	0
Chr3 23200000 23300000	0
Chr3 23300000 23400000	0
Chr3 23400000 23500000	0
Chr3 23500000 23600000	0
Chr3 23600000 23700000	0
Chr3 23700000 23800000	1
Chr3 23800000 23900000	0
Chr3 23900000 24000000	0
Chr3 24000000 24100000	2
Chr3 24100000 24200000	0
Chr3 24200000 24300000	0
Chr3 24300000 24400000	0
Chr3 24400000 24500000	0
Chr3 24500000 24600000	12
Chr3 24600000 24700000	1
Chr3 24700000 24800000	0
Chr3 24800000 24900000	0
Chr3 24900000 25000000	3
Chr3 25000000 25100000	0
Chr3 25100000 25200000	0
Chr3 25200000 25300000	0
Chr3 25300000 25400000	0
Chr3 25400000 25500000	0
Chr3 25500000 25600000	0
Chr3 25600000 25700000	0
Chr3 25700000 25800000	1
Chr3 25800000 25900000	3
Chr3 25900000 26000000	0
Chr3 26000000 26100000	4
Chr3 26100000 26200000	17
Chr3 26200000 26300000	2
Chr3 26300000 26400000	0
Chr3 26400000 26500000	2
Chr3 26500000 26600000	24
Chr3 26600000 26700000	70
Chr3 26700000 26800000	8
Chr3 26800000 26900000	1
Chr3 26900000 27000000	5
Chr3 27000000 27100000	5
Chr3 27100000 27200000	6
Chr3 27200000 27300000	7
Chr3 27300000 27400000	4
Chr3 27400000 27500000	2
Chr3 27500000 27600000	2
Chr3 27600000 27700000	7
Chr3 27700000 27800000	1
Chr3 27800000 27900000	0
Chr3 27900000 28000000	6
Chr3 28000000 28100000	2
Chr3 28100000 28200000	0
Chr3 28200000 28300000	0
Chr3 28300000 28400000	1
Chr3 28400000 28500000	1
Chr3 28500000 28600000	1
Chr3 28600000 28700000	1
Chr3 28700000 28800000	3
Chr3 28800000 28900000	1
Chr3 28900000 29000000	2
Chr3 29000000 29100000	0
Chr3 29100000 29200000	1
Chr3 29200000 29300000	1
Chr3 29300000 29400000	3
Chr3 29400000 29500000	1
Chr3 29500000 29600000	0
Chr3 29600000 29700000	0
Chr3 29700000 29800000	35
Chr3 29800000 29900000	4
Chr3 29900000 30000000	1
Chr3 30000000 30100000	0
Chr3 30100000 30200000	3
Chr3 30200000 30300000	79
Chr3 30300000 30400000	398
Chr3 30400000 30500000	429
Chr3 30500000 30600000	665
Chr3 30600000 30700000	400
Chr3 30700000 30800000	16
Chr3 30800000 30900000	9
Chr3 30900000 31000000	6
Chr3 31000000 31100000	10
Chr3 31100000 31200000	6
Chr3 31200000 31300000	8
Chr3 31300000 31400000	4
Chr3 31400000 31500000	1
Chr3 31500000 31600000	3
Chr3 31600000 31700000	3
Chr3 31700000 31800000	1
Chr3 31800000 31900000	1
Chr3 31900000 32000000	1
Chr3 32000000 32100000	2
Chr3 32100000 32200000	0
Chr3 32200000 32300000	82
Chr3 32300000 32400000	2
Chr3 32400000 32500000	5
Chr3 32500000 32600000	7
Chr3 32600000 32700000	7
Chr3 32700000 32800000	79
Chr3 32800000 32900000	8
Chr3 32900000 33000000	460
Chr3 33000000 33100000	89
Chr3 33100000 33200000	467
Chr3 33200000 33300000	365
Chr3 33300000 33400000	490
Chr3 33400000 33500000	610
Chr3 33500000 33600000	412
Chr3 33600000 33700000	626
Chr3 33700000 33800000	470
Chr3 33800000 33900000	604
Chr3 33900000 34000000	544
Chr3 34000000 34100000	540
Chr3 34100000 34200000	258
Chr3 34200000 34300000	80
Chr3 34300000 34400000	2
Chr3 34400000 34500000	2
Chr3 34500000 34600000	0
Chr3 34600000 34700000	0
Chr3 34700000 34800000	2
Chr3 34800000 34900000	4
Chr3 34900000 35000000	6
Chr3 35000000 35100000	245
Chr3 35100000 35200000	242
Chr3 35200000 35300000	87
Chr3 35300000 35400000	6
Chr3 35400000 35500000	325
Chr3 35500000 35600000	354
Chr3 35600000 35700000	29
Chr3 35700000 35800000	1
Chr3 35800000 35900000	2
Chr3 35900000 36000000	3
Chr3 36000000 36100000	0
Chr3 36100000 36200000	28
Chr3 36200000 36300000	4
Chr3 36300000 36400000	364
Chr3 36400000 36500000	143
Chr3 36500000 36600000	6
Chr3 36600000 36700000	7
Chr3 36700000 36800000	74
Chr3 36800000 36900000	5
Chr3 36900000 37000000	7
Chr3 37000000 37100000	4
Chr3 37100000 37200000	13
Chr3 37200000 37300000	996
Chr3 37300000 37400000	7
Chr3 37400000 37500000	136
Chr3 37500000 37600000	665
Chr3 37600000 37700000	1003
Chr3 37700000 37800000	208
Chr3 37800000 37900000	129
Chr3 37900000 38000000	421
Chr3 38000000 38100000	1033
Chr3 38100000 38200000	638
Chr3 38200000 38300000	559
Chr3 38300000 38400000	317
Chr3 38400000 38500000	3
Chr3 38500000 38600000	5
Chr3 38600000 38700000	3
Chr4 100000 200000	2
Chr4 200000 300000	13
Chr4 300000 400000	205
Chr4 400000 500000	338
Chr4 500000 600000	116
Chr4 600000 700000	279
Chr4 700000 800000	5
Chr4 800000 900000	6
Chr4 900000 1000000	200
Chr4 1000000 1100000	301
Chr4 1100000 1200000	336
Chr4 1200000 1300000	275
Chr4 1300000 1400000	75
Chr4 1400000 1500000	0
Chr4 1500000 1600000	0
Chr4 1600000 1700000	0
Chr4 1700000 1800000	3
Chr4 1800000 1900000	0
Chr4 1900000 2000000	0
Chr4 2000000 2100000	3
Chr4 2100000 2200000	1
Chr4 2200000 2300000	1
Chr4 2300000 2400000	0
Chr4 2400000 2500000	0
Chr4 2500000 2600000	1
Chr4 2600000 2700000	0
Chr4 2700000 2800000	0
Chr4 2800000 2900000	1
Chr4 2900000 3000000	0
Chr4 3000000 3100000	0
Chr4 3100000 3200000	0
Chr4 3200000 3300000	2
Chr4 3300000 3400000	1
Chr4 3400000 3500000	3
Chr4 3500000 3600000	0
Chr4 3600000 3700000	0
Chr4 3700000 3800000	0
Chr4 3800000 3900000	0
Chr4 3900000 4000000	1
Chr4 4000000 4100000	0
Chr4 4100000 4200000	1
Chr4 4200000 4300000	0
Chr4 4300000 4400000	0
Chr4 4400000 4500000	6
Chr4 4500000 4600000	0
Chr4 4600000 4700000	1
Chr4 4700000 4800000	0
Chr4 4800000 4900000	0
Chr4 4900000 5000000	0
Chr4 5000000 5100000	0
Chr4 5100000 5200000	0
Chr4 5200000 5300000	0
Chr4 5300000 5400000	0
Chr4 5400000 5500000	0
Chr4 5500000 5600000	0
Chr4 5600000 5700000	1
Chr4 5700000 5800000	0
Chr4 5800000 5900000	1
Chr4 5900000 6000000	0
Chr4 6000000 6100000	0
Chr4 6100000 6200000	0
Chr4 6200000 6300000	1
Chr4 6300000 6400000	0
Chr4 6400000 6500000	0
Chr4 6500000 6600000	0
Chr4 6600000 6700000	0
Chr4 6700000 6800000	0
Chr4 6800000 6900000	0
Chr4 6900000 7000000	0
Chr4 7000000 7100000	1
Chr4 7100000 7200000	0
Chr4 7200000 7300000	1
Chr4 7300000 7400000	0
Chr4 7400000 7500000	3
Chr4 7500000 7600000	0
Chr4 7600000 7700000	0
Chr4 7700000 7800000	0
Chr4 7800000 7900000	0
Chr4 7900000 8000000	1
Chr4 8000000 8100000	6
Chr4 8100000 8200000	0
Chr4 8200000 8300000	0
Chr4 8300000 8400000	0
Chr4 8400000 8500000	0
Chr4 8500000 8600000	3
Chr4 8600000 8700000	0
Chr4 8700000 8800000	1
Chr4 8800000 8900000	0
Chr4 8900000 9000000	1
Chr4 9000000 9100000	1
Chr4 9100000 9200000	0
Chr4 9200000 9300000	0
Chr4 9300000 9400000	0
Chr4 9400000 9500000	0
Chr4 9500000 9600000	3
Chr4 9600000 9700000	1
Chr4 9700000 9800000	0
Chr4 9800000 9900000	2
Chr4 9900000 10000000	3
Chr4 10000000 10100000	0
Chr4 10100000 10200000	1
Chr4 10200000 10300000	0
Chr4 10300000 10400000	0
Chr4 10400000 10500000	0
Chr4 10500000 10600000	0
Chr4 10600000 10700000	0
Chr4 10700000 10800000	0
Chr4 10800000 10900000	0
Chr4 10900000 11000000	0
Chr4 11000000 11100000	0
Chr4 11100000 11200000	0
Chr4 11200000 11300000	0
Chr4 11300000 11400000	0
Chr4 11400000 11500000	0
Chr4 11500000 11600000	0
Chr4 11600000 11700000	0
Chr4 11700000 11800000	0
Chr4 11800000 11900000	2
Chr4 11900000 12000000	0
Chr4 12000000 12100000	0
Chr4 12100000 12200000	0
Chr4 12200000 12300000	0
Chr4 12300000 12400000	3
Chr4 12400000 12500000	2
Chr4 12500000 12600000	0
Chr4 12600000 12700000	1
Chr4 12700000 12800000	0
Chr4 12800000 12900000	0
Chr4 12900000 13000000	1
Chr4 13000000 13100000	0
Chr4 13100000 13200000	0
Chr4 13200000 13300000	0
Chr4 13300000 13400000	0
Chr4 13400000 13500000	1
Chr4 13500000 13600000	0
Chr4 13600000 13700000	3
Chr4 13700000 13800000	0
Chr4 13800000 13900000	1
Chr4 13900000 14000000	1
Chr4 14000000 14100000	0
Chr4 14100000 14200000	0
Chr4 14200000 14300000	0
Chr4 14300000 14400000	3
Chr4 14400000 14500000	0
Chr4 14500000 14600000	1
Chr4 14600000 14700000	0
Chr4 14700000 14800000	2
Chr4 14800000 14900000	1
Chr4 14900000 15000000	2
Chr4 15000000 15100000	1
Chr4 15100000 15200000	0
Chr4 15200000 15300000	0
Chr4 15300000 15400000	0
Chr4 15400000 15500000	18
Chr4 15500000 15600000	0
Chr4 15600000 15700000	0
Chr4 15700000 15800000	1
Chr4 15800000 15900000	0
Chr4 15900000 16000000	0
Chr4 16000000 16100000	0
Chr4 16100000 16200000	0
Chr4 16200000 16300000	0
Chr4 16300000 16400000	5
Chr4 16400000 16500000	6
Chr4 16500000 16600000	6
Chr4 16600000 16700000	1
Chr4 16700000 16800000	7
Chr4 16800000 16900000	8
Chr4 16900000 17000000	4
Chr4 17000000 17100000	6
Chr4 17100000 17200000	8
Chr4 17200000 17300000	6
Chr4 17300000 17400000	4
Chr4 17400000 17500000	6
Chr4 17500000 17600000	10
Chr4 17600000 17700000	8
Chr4 17700000 17800000	12
Chr4 17800000 17900000	9
Chr4 17900000 18000000	7
Chr4 18000000 18100000	11
Chr4 18100000 18200000	5
Chr4 18200000 18300000	4
Chr4 18300000 18400000	491
Chr4 18400000 18500000	475
Chr4 18500000 18600000	1104
Chr4 18600000 18700000	414
Chr4 18700000 18800000	1305
Chr4 18800000 18900000	444
Chr4 18900000 19000000	192
Chr4 19000000 19100000	862
Chr4 19100000 19200000	578
Chr4 19200000 19300000	1244
Chr4 19300000 19400000	748
Chr4 19400000 19500000	1341
Chr4 19500000 19600000	2364
Chr4 19600000 19700000	1217
Chr4 19700000 19800000	405
Chr4 19800000 19900000	377
Chr4 19900000 20000000	498
Chr4 20000000 20100000	11
Chr4 20100000 20200000	37
Chr4 20200000 20300000	678
Chr4 20300000 20400000	674
Chr4 20400000 20500000	418
Chr4 20500000 20600000	825
Chr4 20600000 20700000	694
Chr4 20700000 20800000	401
Chr4 20800000 20900000	680
Chr4 20900000 21000000	544
Chr4 21000000 21100000	399
Chr4 21100000 21200000	557
Chr4 21200000 21300000	398
Chr4 21300000 21400000	660
Chr4 21400000 21500000	480
Chr4 21500000 21600000	762
Chr4 21600000 21700000	673
Chr4 21700000 21800000	975
Chr4 21800000 21900000	742
Chr4 21900000 22000000	777
Chr4 22000000 22100000	395
Chr4 22100000 22200000	813
Chr4 22200000 22300000	837
Chr4 22300000 22400000	288
Chr4 22400000 22500000	585
Chr4 22500000 22600000	804
Chr4 22600000 22700000	81
Chr4 22700000 22800000	1
Chr4 22800000 22900000	102
Chr4 22900000 23000000	518
Chr4 23000000 23100000	111
Chr4 23100000 23200000	6
Chr4 23200000 23300000	8
Chr4 23300000 23400000	14
Chr4 23400000 23500000	15
Chr4 23500000 23600000	227
Chr4 23600000 23700000	181
Chr4 23700000 23800000	86
Chr4 23800000 23900000	37
Chr4 23900000 24000000	47
Chr4 24000000 24100000	10
Chr4 24100000 24200000	10
Chr4 24200000 24300000	6
Chr4 24300000 24400000	84
Chr4 24400000 24500000	553
Chr4 24500000 24600000	481
Chr4 24600000 24700000	519
Chr4 24700000 24800000	621
Chr4 24800000 24900000	122
Chr4 24900000 25000000	556
Chr4 25000000 25100000	963
Chr4 25100000 25200000	99
Chr4 25200000 25300000	604
Chr4 25300000 25400000	5
Chr4 25400000 25500000	0
Chr4 25500000 25600000	0
Chr4 25600000 25700000	0
Chr4 25700000 25800000	0
Chr4 25800000 25900000	0
Chr4 25900000 26000000	0
Chr4 26000000 26100000	0
Chr4 26100000 26200000	0
Chr4 26200000 26300000	0
Chr4 26300000 26400000	0
Chr4 26400000 26500000	12
Chr4 26500000 26600000	77
Chr4 26600000 26700000	72
Chr4 26700000 26800000	6
Chr4 26800000 26900000	6
Chr4 26900000 27000000	15
Chr4 27000000 27100000	8
Chr4 27100000 27200000	8
Chr4 27200000 27300000	2
Chr4 27300000 27400000	5
Chr4 27400000 27500000	14
Chr4 27500000 27600000	19
Chr4 27600000 27700000	7
Chr4 27700000 27800000	11
Chr4 27800000 27900000	12
Chr4 27900000 28000000	14
Chr4 28000000 28100000	9
Chr4 28100000 28200000	9
Chr4 28200000 28300000	16
Chr4 28300000 28400000	128
Chr4 28400000 28500000	404
Chr4 28500000 28600000	494
Chr4 28600000 28700000	477
Chr4 28700000 28800000	47
Chr4 28800000 28900000	7
Chr4 28900000 29000000	10
Chr4 29000000 29100000	5
Chr4 29100000 29200000	2
Chr4 29200000 29300000	5
Chr4 29300000 29400000	7
Chr4 29400000 29500000	5
Chr4 29500000 29600000	6
Chr4 29600000 29700000	8
Chr4 29700000 29800000	20
Chr4 29800000 29900000	7
Chr4 29900000 30000000	7
Chr4 30000000 30100000	11
Chr4 30100000 30200000	5
Chr4 30200000 30300000	3
Chr4 30300000 30400000	6
Chr4 30400000 30500000	27
Chr4 30500000 30600000	150
Chr4 30600000 30700000	124
Chr4 30700000 30800000	27
Chr4 30800000 30900000	8
Chr4 30900000 31000000	157
Chr4 31000000 31100000	145
Chr4 31100000 31200000	97
Chr4 31200000 31300000	209
Chr4 31300000 31400000	177
Chr4 31400000 31500000	254
Chr4 31500000 31600000	641
Chr4 31600000 31700000	407
Chr4 31700000 31800000	376
Chr4 31800000 31900000	1068
Chr4 31900000 32000000	596
Chr4 32000000 32100000	367
Chr4 32100000 32200000	167
Chr4 32200000 32300000	117
Chr4 32300000 32400000	631
Chr4 32400000 32500000	559
Chr4 32500000 32600000	364
Chr4 32600000 32700000	1079
Chr4 32700000 32800000	746
Chr4 32800000 32900000	310
Chr4 32900000 33000000	749
Chr4 33000000 33100000	227
Chr4 33100000 33200000	556
Chr4 33200000 33300000	262
Chr4 33300000 33400000	443
Chr4 33400000 33500000	251
Chr4 33500000 33600000	608
Chr4 33600000 33700000	263
Chr4 33700000 33800000	358
Chr4 33800000 33900000	108
Chr4 33900000 34000000	4
Chr4 34000000 34100000	486
Chr4 34100000 34200000	395
Chr4 34200000 34300000	351
Chr4 34300000 34400000	528
Chr4 34400000 34500000	473
Chr4 34500000 34600000	526
Chr4 34600000 34700000	1085
Chr4 34700000 34800000	470
Chr4 34800000 34900000	12
Chr4 34900000 35000000	1
Chr4 35000000 35100000	19
Chr4 35100000 35200000	492
Chr4 35200000 35300000	156
Chr4 35300000 35400000	127
Chr4 35400000 35500000	67
Chr4 35500000 35600000	17
Chr4 35600000 35700000	675
Chr4 35700000 35800000	635
Chr4 35800000 35900000	405
Chr4 35900000 36000000	551
Chr4 36000000 36100000	441
Chr4 36100000 36200000	335
Chr4 36200000 36300000	570
Chr4 36300000 36400000	508
Chr4 36400000 36500000	414
Chr4 36500000 36600000	13
Chr4 36600000 36700000	12
Chr4 36700000 36800000	5
Chr5 0 100000	458
Chr5 100000 200000	388
Chr5 200000 300000	390
Chr5 300000 400000	522
Chr5 400000 500000	327
Chr5 500000 600000	490
Chr5 600000 700000	395
Chr5 700000 800000	498
Chr5 800000 900000	516
Chr5 900000 1000000	484
Chr5 1000000 1100000	119
Chr5 1100000 1200000	156
Chr5 1200000 1300000	0
Chr5 1300000 1400000	1
Chr5 1400000 1500000	177
Chr5 1500000 1600000	364
Chr5 1600000 1700000	9
Chr5 1700000 1800000	4
Chr5 1800000 1900000	5
Chr5 1900000 2000000	659
Chr5 2000000 2100000	1627
Chr5 2100000 2200000	1214
Chr5 2200000 2300000	485
Chr5 2300000 2400000	1092
Chr5 2400000 2500000	183
Chr5 2500000 2600000	85
Chr5 2600000 2700000	3
Chr5 2700000 2800000	2
Chr5 2800000 2900000	2
Chr5 2900000 3000000	56
Chr5 3000000 3100000	355
Chr5 3100000 3200000	199
Chr5 3200000 3300000	613
Chr5 3300000 3400000	88
Chr5 3400000 3500000	3
Chr5 3500000 3600000	7
Chr5 3600000 3700000	6
Chr5 3700000 3800000	242
Chr5 3800000 3900000	130
Chr5 3900000 4000000	141
Chr5 4000000 4100000	596
Chr5 4100000 4200000	495
Chr5 4200000 4300000	5
Chr5 4300000 4400000	3
Chr5 4400000 4500000	4
Chr5 4500000 4600000	0
Chr5 4600000 4700000	0
Chr5 4700000 4800000	12
Chr5 4800000 4900000	7
Chr5 4900000 5000000	0
Chr5 5000000 5100000	0
Chr5 5100000 5200000	0
Chr5 5200000 5300000	0
Chr5 5300000 5400000	0
Chr5 5400000 5500000	0
Chr5 5500000 5600000	1
Chr5 5600000 5700000	0
Chr5 5700000 5800000	0
Chr5 5800000 5900000	0
Chr5 5900000 6000000	1
Chr5 6000000 6100000	2
Chr5 6100000 6200000	1
Chr5 6200000 6300000	0
Chr5 6300000 6400000	0
Chr5 6400000 6500000	0
Chr5 6500000 6600000	1
Chr5 6600000 6700000	0
Chr5 6700000 6800000	0
Chr5 6800000 6900000	0
Chr5 6900000 7000000	0
Chr5 7000000 7100000	0
Chr5 7100000 7200000	0
Chr5 7200000 7300000	0
Chr5 7300000 7400000	0
Chr5 7400000 7500000	0
Chr5 7500000 7600000	0
Chr5 7600000 7700000	0
Chr5 7700000 7800000	0
Chr5 7800000 7900000	1
Chr5 7900000 8000000	0
Chr5 8000000 8100000	1
Chr5 8100000 8200000	0
Chr5 8200000 8300000	0
Chr5 8300000 8400000	0
Chr5 8400000 8500000	0
Chr5 8500000 8600000	0
Chr5 8600000 8700000	1
Chr5 8700000 8800000	0
Chr5 8800000 8900000	0
Chr5 8900000 9000000	0
Chr5 9000000 9100000	0
Chr5 9100000 9200000	0
Chr5 9200000 9300000	2
Chr5 9300000 9400000	0
Chr5 9400000 9500000	0
Chr5 9500000 9600000	0
Chr5 9600000 9700000	0
Chr5 9700000 9800000	0
Chr5 9800000 9900000	0
Chr5 9900000 10000000	0
Chr5 10000000 10100000	0
Chr5 10100000 10200000	1
Chr5 10200000 10300000	0
Chr5 10300000 10400000	0
Chr5 10400000 10500000	0
Chr5 10500000 10600000	0
Chr5 10600000 10700000	0
Chr5 10700000 10800000	0
Chr5 10800000 10900000	1
Chr5 10900000 11000000	0
Chr5 11000000 11100000	0
Chr5 11100000 11200000	0
Chr5 11200000 11300000	0
Chr5 11300000 11400000	0
Chr5 11400000 11500000	0
Chr5 11500000 11600000	0
Chr5 11600000 11700000	0
Chr5 11700000 11800000	1
Chr5 11800000 11900000	0
Chr5 11900000 12000000	0
Chr5 12000000 12100000	0
Chr5 12100000 12200000	0
Chr5 12200000 12300000	0
Chr5 12300000 12400000	0
Chr5 12400000 12500000	0
Chr5 12500000 12600000	0
Chr5 12600000 12700000	0
Chr5 12700000 12800000	0
Chr5 12800000 12900000	0
Chr5 12900000 13000000	0
Chr5 13000000 13100000	0
Chr5 13100000 13200000	0
Chr5 13200000 13300000	0
Chr5 13300000 13400000	0
Chr5 13400000 13500000	0
Chr5 13500000 13600000	0
Chr5 13600000 13700000	0
Chr5 13700000 13800000	0
Chr5 13800000 13900000	0
Chr5 13900000 14000000	0
Chr5 14000000 14100000	0
Chr5 14100000 14200000	1
Chr5 14200000 14300000	0
Chr5 14300000 14400000	0
Chr5 14400000 14500000	0
Chr5 14500000 14600000	0
Chr5 14600000 14700000	0
Chr5 14700000 14800000	0
Chr5 14800000 14900000	0
Chr5 14900000 15000000	0
Chr5 15000000 15100000	0
Chr5 15100000 15200000	1
Chr5 15200000 15300000	0
Chr5 15300000 15400000	0
Chr5 15400000 15500000	0
Chr5 15500000 15600000	0
Chr5 15600000 15700000	0
Chr5 15700000 15800000	0
Chr5 15800000 15900000	0
Chr5 15900000 16000000	0
Chr5 16000000 16100000	0
Chr5 16100000 16200000	0
Chr5 16200000 16300000	29
Chr5 16300000 16400000	143
Chr5 16400000 16500000	380
Chr5 16500000 16600000	433
Chr5 16600000 16700000	263
Chr5 16700000 16800000	208
Chr5 16800000 16900000	350
Chr5 16900000 17000000	193
Chr5 17000000 17100000	257
Chr5 17100000 17200000	190
Chr5 17200000 17300000	499
Chr5 17300000 17400000	585
Chr5 17400000 17500000	508
Chr5 17500000 17600000	130
Chr5 17600000 17700000	454
Chr5 17700000 17800000	248
Chr5 17800000 17900000	105
Chr5 17900000 18000000	4
Chr5 18000000 18100000	7
Chr5 18100000 18200000	2
Chr5 18200000 18300000	9
Chr5 18300000 18400000	10
Chr5 18400000 18500000	7
Chr5 18500000 18600000	445
Chr5 18600000 18700000	574
Chr5 18700000 18800000	211
Chr5 18800000 18900000	360
Chr5 18900000 19000000	439
Chr5 19000000 19100000	1048
Chr5 19100000 19200000	648
Chr5 19200000 19300000	773
Chr5 19300000 19400000	540
Chr5 19400000 19500000	580
Chr5 19500000 19600000	693
Chr5 19600000 19700000	642
Chr5 19700000 19800000	574
Chr5 19800000 19900000	612
Chr5 19900000 20000000	608
Chr5 20000000 20100000	964
Chr5 20100000 20200000	215
Chr5 20200000 20300000	125
Chr5 20300000 20400000	651
Chr5 20400000 20500000	310
Chr5 20500000 20600000	361
Chr5 20600000 20700000	229
Chr5 20700000 20800000	285
Chr5 20800000 20900000	335
Chr5 20900000 21000000	371
Chr5 21000000 21100000	229
Chr5 21100000 21200000	592
Chr5 21200000 21300000	662
Chr5 21300000 21400000	613
Chr5 21400000 21500000	621
Chr5 21500000 21600000	535
Chr5 21600000 21700000	469
Chr5 21700000 21800000	599
Chr5 21800000 21900000	332
Chr5 21900000 22000000	495
Chr5 22000000 22100000	8
Chr5 22100000 22200000	103
Chr5 22200000 22300000	524
Chr5 22300000 22400000	641
Chr5 22400000 22500000	601
Chr5 22500000 22600000	314
Chr5 22600000 22700000	442
Chr5 22700000 22800000	538
Chr5 22800000 22900000	638
Chr5 22900000 23000000	601
Chr5 23000000 23100000	543
Chr5 23100000 23200000	669
Chr5 23200000 23300000	355
Chr5 23300000 23400000	553
Chr5 23400000 23500000	587
Chr5 23500000 23600000	336
Chr5 23600000 23700000	508
Chr5 23700000 23800000	417
Chr5 23800000 23900000	509
Chr5 23900000 24000000	24
Chr5 24000000 24100000	9
Chr5 24100000 24200000	21
Chr5 24200000 24300000	27
Chr5 24300000 24400000	514
Chr5 24400000 24500000	209
Chr5 24500000 24600000	236
Chr5 24600000 24700000	576
Chr5 24700000 24800000	596
Chr5 24800000 24900000	304
Chr5 24900000 25000000	894
Chr5 25000000 25100000	470
Chr5 25100000 25200000	34
Chr5 25200000 25300000	8
Chr5 25300000 25400000	9
Chr5 25400000 25500000	5
Chr5 25500000 25600000	17
Chr5 25600000 25700000	31
Chr5 25700000 25800000	1013
Chr5 25800000 25900000	571
Chr5 25900000 26000000	283
Chr5 26000000 26100000	472
Chr5 26100000 26200000	607
Chr5 26200000 26300000	755
Chr5 26300000 26400000	606
Chr5 26400000 26500000	539
Chr5 26500000 26600000	450
Chr5 26600000 26700000	331
Chr5 26700000 26800000	220
Chr5 26800000 26900000	791
Chr5 26900000 27000000	893
Chr5 27000000 27100000	754
Chr5 27100000 27200000	386
Chr5 27200000 27300000	423
Chr5 27300000 27400000	483
Chr5 27400000 27500000	484
Chr5 27500000 27600000	444
Chr5 27600000 27700000	613
Chr5 27700000 27800000	295
Chr5 27800000 27900000	587
Chr5 27900000 28000000	449
Chr5 28000000 28100000	299
Chr5 28100000 28200000	120
Chr5 28200000 28300000	126
Chr5 28300000 28400000	20
Chr5 28400000 28500000	7
Chr5 28500000 28600000	260
Chr5 28600000 28700000	558
Chr5 28700000 28800000	173
Chr5 28800000 28900000	108
Chr5 28900000 29000000	59
Chr5 29000000 29100000	44
Chr5 29100000 29200000	266
Chr5 29200000 29300000	313
Chr5 29300000 29400000	190
Chr5 29400000 29500000	393
Chr5 29500000 29600000	6
Chr5 29600000 29700000	215
Chr5 29700000 29800000	394
Chr5 29800000 29900000	427
Chr5 29900000 30000000	85
Chr5 30000000 30100000	4
Chr5 30100000 30200000	1
Chr5 30200000 30300000	1
Chr5 30300000 30400000	296
Chr5 30400000 30500000	12
Chr5 30500000 30600000	2
Chr6 0 100000	530
Chr6 100000 200000	477
Chr6 200000 300000	437
Chr6 300000 400000	370
Chr6 400000 500000	47
Chr6 500000 600000	337
Chr6 600000 700000	243
Chr6 700000 800000	0
Chr6 800000 900000	2
Chr6 900000 1000000	3
Chr6 1000000 1100000	1
Chr6 1100000 1200000	0
Chr6 1200000 1300000	0
Chr6 1300000 1400000	4
Chr6 1400000 1500000	6
Chr6 1500000 1600000	0
Chr6 1600000 1700000	6
Chr6 1700000 1800000	10
Chr6 1800000 1900000	3
Chr6 1900000 2000000	1
Chr6 2000000 2100000	3
Chr6 2100000 2200000	9
Chr6 2200000 2300000	29
Chr6 2300000 2400000	487
Chr6 2400000 2500000	402
Chr6 2500000 2600000	611
Chr6 2600000 2700000	707
Chr6 2700000 2800000	404
Chr6 2800000 2900000	2
Chr6 2900000 3000000	1
Chr6 3000000 3100000	0
Chr6 3100000 3200000	0
Chr6 3200000 3300000	0
Chr6 3300000 3400000	4
Chr6 3400000 3500000	0
Chr6 3500000 3600000	24
Chr6 3600000 3700000	1
Chr6 3700000 3800000	14
Chr6 3800000 3900000	103
Chr6 3900000 4000000	186
Chr6 4000000 4100000	239
Chr6 4100000 4200000	321
Chr6 4200000 4300000	383
Chr6 4300000 4400000	575
Chr6 4400000 4500000	600
Chr6 4500000 4600000	253
Chr6 4600000 4700000	90
Chr6 4700000 4800000	2
Chr6 4800000 4900000	30
Chr6 4900000 5000000	12
Chr6 5000000 5100000	9
Chr6 5100000 5200000	4
Chr6 5200000 5300000	15
Chr6 5300000 5400000	144
Chr6 5400000 5500000	779
Chr6 5500000 5600000	189
Chr6 5600000 5700000	445
Chr6 5700000 5800000	677
Chr6 5800000 5900000	1143
Chr6 5900000 6000000	1014
Chr6 6000000 6100000	254
Chr6 6100000 6200000	202
Chr6 6200000 6300000	104
Chr6 6300000 6400000	0
Chr6 6400000 6500000	264
Chr6 6500000 6600000	715
Chr6 6600000 6700000	81
Chr6 6700000 6800000	4
Chr6 6800000 6900000	12
Chr6 6900000 7000000	9
Chr6 7000000 7100000	8
Chr6 7100000 7200000	589
Chr6 7200000 7300000	539
Chr6 7300000 7400000	1383
Chr6 7400000 7500000	1099
Chr6 7500000 7600000	1090
Chr6 7600000 7700000	10
Chr6 7700000 7800000	20
Chr6 7800000 7900000	15
Chr6 7900000 8000000	1179
Chr6 8000000 8100000	1496
Chr6 8100000 8200000	586
Chr6 8200000 8300000	315
Chr6 8300000 8400000	329
Chr6 8400000 8500000	290
Chr6 8500000 8600000	414
Chr6 8600000 8700000	1274
Chr6 8700000 8800000	603
Chr6 8800000 8900000	375
Chr6 8900000 9000000	508
Chr6 9000000 9100000	756
Chr6 9100000 9200000	642
Chr6 9200000 9300000	479
Chr6 9300000 9400000	238
Chr6 9400000 9500000	122
Chr6 9500000 9600000	97
Chr6 9600000 9700000	455
Chr6 9700000 9800000	536
Chr6 9800000 9900000	492
Chr6 9900000 10000000	457
Chr6 10000000 10100000	443
Chr6 10100000 10200000	873
Chr6 10200000 10300000	541
Chr6 10300000 10400000	587
Chr6 10400000 10500000	295
Chr6 10500000 10600000	903
Chr6 10600000 10700000	452
Chr6 10700000 10800000	400
Chr6 10800000 10900000	332
Chr6 10900000 11000000	502
Chr6 11000000 11100000	425
Chr6 11100000 11200000	506
Chr6 11200000 11300000	1465
Chr6 11300000 11400000	58
Chr6 11400000 11500000	0
Chr6 11500000 11600000	0
Chr6 11600000 11700000	0
Chr6 11700000 11800000	0
Chr6 11800000 11900000	4
Chr6 11900000 12000000	0
Chr6 12000000 12100000	0
Chr6 12100000 12200000	1
Chr6 12200000 12300000	1
Chr6 12300000 12400000	0
Chr6 12400000 12500000	2
Chr6 12500000 12600000	0
Chr6 12600000 12700000	0
Chr6 12700000 12800000	0
Chr6 12800000 12900000	0
Chr6 12900000 13000000	2
Chr6 13000000 13100000	0
Chr6 13100000 13200000	0
Chr6 13200000 13300000	2
Chr6 13300000 13400000	1
Chr6 13400000 13500000	0
Chr6 13500000 13600000	0
Chr6 13600000 13700000	1
Chr6 13700000 13800000	0
Chr6 13800000 13900000	1
Chr6 13900000 14000000	0
Chr6 14000000 14100000	0
Chr6 14100000 14200000	0
Chr6 14200000 14300000	0
Chr6 14300000 14400000	2
Chr6 14400000 14500000	1
Chr6 14500000 14600000	1
Chr6 14600000 14700000	1
Chr6 14700000 14800000	0
Chr6 14800000 14900000	1
Chr6 14900000 15000000	0
Chr6 15000000 15100000	0
Chr6 15100000 15200000	0
Chr6 15200000 15300000	0
Chr6 15300000 15400000	0
Chr6 15400000 15500000	0
Chr6 15500000 15600000	0
Chr6 15600000 15700000	0
Chr6 15700000 15800000	0
Chr6 15800000 15900000	0
Chr6 15900000 16000000	0
Chr6 16000000 16100000	0
Chr6 16100000 16200000	0
Chr6 16200000 16300000	0
Chr6 16300000 16400000	0
Chr6 16400000 16500000	0
Chr6 16500000 16600000	0
Chr6 16600000 16700000	0
Chr6 16700000 16800000	1
Chr6 16800000 16900000	0
Chr6 16900000 17000000	0
Chr6 17000000 17100000	0
Chr6 17100000 17200000	0
Chr6 17200000 17300000	0
Chr6 17300000 17400000	0
Chr6 17400000 17500000	0
Chr6 17500000 17600000	0
Chr6 17600000 17700000	0
Chr6 17700000 17800000	0
Chr6 17800000 17900000	1
Chr6 17900000 18000000	0
Chr6 18000000 18100000	0
Chr6 18100000 18200000	0
Chr6 18200000 18300000	0
Chr6 18300000 18400000	0
Chr6 18400000 18500000	0
Chr6 18500000 18600000	0
Chr6 18600000 18700000	2
Chr6 18700000 18800000	0
Chr6 18800000 18900000	1
Chr6 18900000 19000000	0
Chr6 19000000 19100000	0
Chr6 19100000 19200000	0
Chr6 19200000 19300000	0
Chr6 19300000 19400000	0
Chr6 19400000 19500000	0
Chr6 19500000 19600000	0
Chr6 19600000 19700000	1
Chr6 19700000 19800000	0
Chr6 19800000 19900000	0
Chr6 19900000 20000000	0
Chr6 20000000 20100000	1
Chr6 20100000 20200000	0
Chr6 20200000 20300000	0
Chr6 20300000 20400000	0
Chr6 20400000 20500000	1
Chr6 20500000 20600000	0
Chr6 20600000 20700000	0
Chr6 20700000 20800000	0
Chr6 20800000 20900000	2
Chr6 20900000 21000000	0
Chr6 21000000 21100000	1
Chr6 21100000 21200000	0
Chr6 21200000 21300000	0
Chr6 21300000 21400000	0
Chr6 21400000 21500000	0
Chr6 21500000 21600000	0
Chr6 21600000 21700000	1
Chr6 21700000 21800000	0
Chr6 21800000 21900000	0
Chr6 21900000 22000000	0
Chr6 22000000 22100000	0
Chr6 22100000 22200000	0
Chr6 22200000 22300000	0
Chr6 22300000 22400000	0
Chr6 22400000 22500000	0
Chr6 22500000 22600000	0
Chr6 22600000 22700000	0
Chr6 22700000 22800000	0
Chr6 22800000 22900000	0
Chr6 22900000 23000000	1
Chr6 23000000 23100000	0
Chr6 23100000 23200000	0
Chr6 23200000 23300000	0
Chr6 23300000 23400000	0
Chr6 23400000 23500000	0
Chr6 23500000 23600000	0
Chr6 23600000 23700000	0
Chr6 23700000 23800000	0
Chr6 23800000 23900000	0
Chr6 23900000 24000000	0
Chr6 24000000 24100000	0
Chr6 24100000 24200000	1
Chr6 24200000 24300000	0
Chr6 24300000 24400000	1
Chr6 24400000 24500000	0
Chr6 24500000 24600000	0
Chr6 24600000 24700000	0
Chr6 24700000 24800000	0
Chr6 24800000 24900000	0
Chr6 24900000 25000000	0
Chr6 25000000 25100000	1
Chr6 25100000 25200000	0
Chr6 25200000 25300000	0
Chr6 25300000 25400000	0
Chr6 25400000 25500000	0
Chr6 25500000 25600000	1
Chr6 25600000 25700000	0
Chr6 25700000 25800000	1
Chr6 25800000 25900000	0
Chr6 25900000 26000000	1
Chr6 26000000 26100000	0
Chr6 26100000 26200000	0
Chr6 26200000 26300000	0
Chr6 26300000 26400000	0
Chr6 26400000 26500000	0
Chr6 26500000 26600000	0
Chr6 26600000 26700000	0
Chr6 26700000 26800000	0
Chr6 26800000 26900000	1
Chr6 26900000 27000000	0
Chr6 27000000 27100000	0
Chr6 27100000 27200000	0
Chr6 27200000 27300000	0
Chr6 27300000 27400000	0
Chr6 27400000 27500000	0
Chr6 27500000 27600000	1
Chr6 27600000 27700000	0
Chr6 27700000 27800000	0
Chr6 27800000 27900000	0
Chr6 27900000 28000000	0
Chr6 28000000 28100000	0
Chr6 28100000 28200000	0
Chr6 28200000 28300000	0
Chr6 28300000 28400000	1
Chr6 28400000 28500000	0
Chr6 28500000 28600000	0
Chr6 28600000 28700000	0
Chr6 28700000 28800000	0
Chr6 28800000 28900000	0
Chr6 28900000 29000000	0
Chr6 29000000 29100000	0
Chr6 29100000 29200000	0
Chr6 29200000 29300000	0
Chr6 29300000 29400000	0
Chr6 29400000 29500000	1
Chr6 29500000 29600000	0
Chr6 29600000 29700000	0
Chr6 29700000 29800000	0
Chr6 29800000 29900000	0
Chr6 29900000 30000000	0
Chr6 30000000 30100000	2
Chr6 30100000 30200000	0
Chr6 30200000 30300000	0
Chr6 30300000 30400000	0
Chr6 30400000 30500000	0
Chr6 30500000 30600000	7
Chr6 30600000 30700000	122
Chr6 30700000 30800000	68
Chr6 30800000 30900000	6
Chr6 30900000 31000000	7
Chr6 31000000 31100000	5
Chr6 31100000 31200000	85
Chr6 31200000 31300000	27
Chr6 31300000 31400000	190
Chr6 31400000 31500000	3
Chr6 31500000 31600000	9
Chr6 31600000 31700000	1
Chr6 31700000 31800000	1
Chr7 100000 200000	421
Chr7 200000 300000	613
Chr7 300000 400000	374
Chr7 400000 500000	308
Chr7 500000 600000	457
Chr7 600000 700000	419
Chr7 700000 800000	633
Chr7 800000 900000	666
Chr7 900000 1000000	664
Chr7 1000000 1100000	526
Chr7 1100000 1200000	362
Chr7 1200000 1300000	698
Chr7 1300000 1400000	534
Chr7 1400000 1500000	523
Chr7 1500000 1600000	312
Chr7 1600000 1700000	839
Chr7 1700000 1800000	998
Chr7 1800000 1900000	769
Chr7 1900000 2000000	638
Chr7 2000000 2100000	616
Chr7 2100000 2200000	451
Chr7 2200000 2300000	588
Chr7 2300000 2400000	309
Chr7 2400000 2500000	7
Chr7 2500000 2600000	12
Chr7 2600000 2700000	8
Chr7 2700000 2800000	3
Chr7 2800000 2900000	7
Chr7 2900000 3000000	3
Chr7 3000000 3100000	0
Chr7 3100000 3200000	6
Chr7 3200000 3300000	0
Chr7 3300000 3400000	0
Chr7 3400000 3500000	149
Chr7 3500000 3600000	450
Chr7 3600000 3700000	12
Chr7 3700000 3800000	8
Chr7 3800000 3900000	11
Chr7 3900000 4000000	14
Chr7 4000000 4100000	3
Chr7 4100000 4200000	7
Chr7 4200000 4300000	8
Chr7 4300000 4400000	4
Chr7 4400000 4500000	10
Chr7 4500000 4600000	6
Chr7 4600000 4700000	5
Chr7 4700000 4800000	5
Chr7 4800000 4900000	35
Chr7 4900000 5000000	1
Chr7 5000000 5100000	0
Chr7 5100000 5200000	53
Chr7 5200000 5300000	4
Chr7 5300000 5400000	5
Chr7 5400000 5500000	6
Chr7 5500000 5600000	4
Chr7 5600000 5700000	329
Chr7 5700000 5800000	546
Chr7 5800000 5900000	904
Chr7 5900000 6000000	428
Chr7 6000000 6100000	824
Chr7 6100000 6200000	95
Chr7 6200000 6300000	657
Chr7 6300000 6400000	499
Chr7 6400000 6500000	368
Chr7 6500000 6600000	96
Chr7 6600000 6700000	3
Chr7 6700000 6800000	6
Chr7 6800000 6900000	15
Chr7 6900000 7000000	8
Chr7 7000000 7100000	858
Chr7 7100000 7200000	167
Chr7 7200000 7300000	103
Chr7 7300000 7400000	12
Chr7 7400000 7500000	2
Chr7 7500000 7600000	6
Chr7 7600000 7700000	11
Chr7 7700000 7800000	35
Chr7 7800000 7900000	85
Chr7 7900000 8000000	85
Chr7 8000000 8100000	217
Chr7 8100000 8200000	185
Chr7 8200000 8300000	430
Chr7 8300000 8400000	23
Chr7 8400000 8500000	5
Chr7 8500000 8600000	6
Chr7 8600000 8700000	7
Chr7 8700000 8800000	4
Chr7 8800000 8900000	384
Chr7 8900000 9000000	387
Chr7 9000000 9100000	355
Chr7 9100000 9200000	298
Chr7 9200000 9300000	162
Chr7 9300000 9400000	364
Chr7 9400000 9500000	237
Chr7 9500000 9600000	2
Chr7 9600000 9700000	1
Chr7 9700000 9800000	6
Chr7 9800000 9900000	0
Chr7 9900000 10000000	1
Chr7 10000000 10100000	3
Chr7 10100000 10200000	7
Chr7 10200000 10300000	7
Chr7 10300000 10400000	7
Chr7 10400000 10500000	11
Chr7 10500000 10600000	4
Chr7 10600000 10700000	1
Chr7 10700000 10800000	6
Chr7 10800000 10900000	5
Chr7 10900000 11000000	3
Chr7 11000000 11100000	4
Chr7 11100000 11200000	0
Chr7 11200000 11300000	5
Chr7 11300000 11400000	7
Chr7 11400000 11500000	1
Chr7 11500000 11600000	2
Chr7 11600000 11700000	8
Chr7 11700000 11800000	2
Chr7 11800000 11900000	9
Chr7 11900000 12000000	3
Chr7 12000000 12100000	10
Chr7 12100000 12200000	3
Chr7 12200000 12300000	3
Chr7 12300000 12400000	1
Chr7 12400000 12500000	3
Chr7 12500000 12600000	3
Chr7 12600000 12700000	0
Chr7 12700000 12800000	1
Chr7 12800000 12900000	2
Chr7 12900000 13000000	4
Chr7 13000000 13100000	7
Chr7 13100000 13200000	2
Chr7 13200000 13300000	5
Chr7 13300000 13400000	0
Chr7 13400000 13500000	4
Chr7 13500000 13600000	1
Chr7 13600000 13700000	8
Chr7 13700000 13800000	10
Chr7 13800000 13900000	7
Chr7 13900000 14000000	202
Chr7 14000000 14100000	237
Chr7 14100000 14200000	244
Chr7 14200000 14300000	33
Chr7 14300000 14400000	8
Chr7 14400000 14500000	244
Chr7 14500000 14600000	130
Chr7 14600000 14700000	148
Chr7 14700000 14800000	426
Chr7 14800000 14900000	108
Chr7 14900000 15000000	0
Chr7 15000000 15100000	146
Chr7 15100000 15200000	752
Chr7 15200000 15300000	513
Chr7 15300000 15400000	644
Chr7 15400000 15500000	238
Chr7 15500000 15600000	164
Chr7 15600000 15700000	394
Chr7 15700000 15800000	157
Chr7 15800000 15900000	12
Chr7 15900000 16000000	45
Chr7 16000000 16100000	5
Chr7 16100000 16200000	21
Chr7 16200000 16300000	49
Chr7 16300000 16400000	203
Chr7 16400000 16500000	0
Chr7 16500000 16600000	8
Chr7 16600000 16700000	10
Chr7 16700000 16800000	5
Chr7 16800000 16900000	7
Chr7 16900000 17000000	26
Chr7 17000000 17100000	332
Chr7 17100000 17200000	446
Chr7 17200000 17300000	618
Chr7 17300000 17400000	857
Chr7 17400000 17500000	329
Chr7 17500000 17600000	1305
Chr7 17600000 17700000	408
Chr7 17700000 17800000	520
Chr7 17800000 17900000	390
Chr7 17900000 18000000	41
Chr7 18000000 18100000	548
Chr7 18100000 18200000	545
Chr7 18200000 18300000	449
Chr7 18300000 18400000	773
Chr7 18400000 18500000	1504
Chr7 18500000 18600000	606
Chr7 18600000 18700000	610
Chr7 18700000 18800000	633
Chr7 18800000 18900000	64
Chr7 18900000 19000000	286
Chr7 19000000 19100000	243
Chr7 19100000 19200000	376
Chr7 19200000 19300000	398
Chr7 19300000 19400000	550
Chr7 19400000 19500000	571
Chr7 19500000 19600000	712
Chr7 19600000 19700000	508
Chr7 19700000 19800000	329
Chr7 19800000 19900000	496
Chr7 19900000 20000000	731
Chr7 20000000 20100000	552
Chr7 20100000 20200000	7
Chr7 20200000 20300000	331
Chr7 20300000 20400000	447
Chr7 20400000 20500000	115
Chr7 20500000 20600000	0
Chr7 20600000 20700000	8
Chr7 20700000 20800000	10
Chr7 20800000 20900000	638
Chr7 20900000 21000000	851
Chr7 21000000 21100000	5
Chr7 21100000 21200000	0
Chr7 21200000 21300000	1
Chr7 21300000 21400000	0
Chr7 21400000 21500000	0
Chr7 21500000 21600000	1
Chr7 21600000 21700000	0
Chr7 21700000 21800000	0
Chr7 21800000 21900000	0
Chr7 21900000 22000000	8
Chr7 22000000 22100000	252
Chr7 22100000 22200000	733
Chr7 22200000 22300000	113
Chr7 22300000 22400000	5
Chr7 22400000 22500000	164
Chr7 22500000 22600000	935
Chr7 22600000 22700000	354
Chr7 22700000 22800000	594
Chr7 22800000 22900000	331
Chr7 22900000 23000000	511
Chr7 23000000 23100000	634
Chr7 23100000 23200000	629
Chr7 23200000 23300000	402
Chr7 23300000 23400000	413
Chr7 23400000 23500000	423
Chr7 23500000 23600000	310
Chr7 23600000 23700000	993
Chr7 23700000 23800000	349
Chr7 23800000 23900000	503
Chr7 23900000 24000000	543
Chr7 24000000 24100000	826
Chr7 24100000 24200000	406
Chr7 24200000 24300000	513
Chr7 24300000 24400000	514
Chr7 24400000 24500000	371
Chr7 24500000 24600000	375
Chr7 24600000 24700000	595
Chr7 24700000 24800000	461
Chr7 24800000 24900000	453
Chr7 24900000 25000000	380
Chr7 25000000 25100000	257
Chr7 25100000 25200000	377
Chr7 25200000 25300000	1019
Chr7 25300000 25400000	638
Chr7 25400000 25500000	598
Chr7 25500000 25600000	251
Chr7 25600000 25700000	615
Chr7 25700000 25800000	258
Chr7 25800000 25900000	321
Chr7 25900000 26000000	531
Chr7 26000000 26100000	504
Chr7 26100000 26200000	550
Chr7 26200000 26300000	274
Chr7 26300000 26400000	4
Chr7 26400000 26500000	0
Chr7 26500000 26600000	2
Chr7 26600000 26700000	1
Chr7 26700000 26800000	1
Chr7 26800000 26900000	1
Chr7 26900000 27000000	500
Chr7 27000000 27100000	698
Chr7 27100000 27200000	431
Chr7 27200000 27300000	350
Chr7 27300000 27400000	355
Chr7 27400000 27500000	1326
Chr7 27500000 27600000	771
Chr7 27600000 27700000	144
Chr7 27700000 27800000	420
Chr7 27800000 27900000	713
Chr7 27900000 28000000	14
Chr7 28000000 28100000	56
Chr7 28100000 28200000	316
Chr7 28200000 28300000	744
Chr7 28300000 28400000	952
Chr7 28400000 28500000	430
Chr7 28500000 28600000	367
Chr7 28600000 28700000	1088
Chr7 28700000 28800000	0
Chr7 28800000 28900000	0
Chr7 28900000 29000000	13
Chr7 29000000 29100000	1
Chr7 29100000 29200000	0
Chr7 29200000 29300000	4
Chr7 29300000 29400000	0
Chr7 29400000 29500000	0
Chr7 29500000 29600000	2
Chr7 29600000 29700000	5
Chr7 29700000 29800000	16
Chr7 29800000 29900000	0
Chr7 29900000 30000000	0
Chr7 30000000 30100000	26
Chr7 30100000 30200000	0
Chr7 30200000 30300000	9
Chr7 30300000 30400000	2
Chr8 200000 300000	2
Chr8 300000 400000	297
Chr8 400000 500000	336
Chr8 500000 600000	324
Chr8 600000 700000	316
Chr8 700000 800000	7
Chr8 800000 900000	159
Chr8 900000 1000000	137
Chr8 1000000 1100000	235
Chr8 1100000 1200000	84
Chr8 1200000 1300000	71
Chr8 1300000 1400000	2
Chr8 1400000 1500000	68
Chr8 1500000 1600000	234
Chr8 1600000 1700000	230
Chr8 1700000 1800000	200
Chr8 1800000 1900000	560
Chr8 1900000 2000000	336
Chr8 2000000 2100000	143
Chr8 2100000 2200000	92
Chr8 2200000 2300000	67
Chr8 2300000 2400000	157
Chr8 2400000 2500000	249
Chr8 2500000 2600000	263
Chr8 2600000 2700000	51
Chr8 2700000 2800000	347
Chr8 2800000 2900000	8
Chr8 2900000 3000000	162
Chr8 3000000 3100000	224
Chr8 3100000 3200000	544
Chr8 3200000 3300000	1089
Chr8 3300000 3400000	90
Chr8 3400000 3500000	184
Chr8 3500000 3600000	7
Chr8 3600000 3700000	358
Chr8 3700000 3800000	692
Chr8 3800000 3900000	1107
Chr8 3900000 4000000	670
Chr8 4000000 4100000	492
Chr8 4100000 4200000	222
Chr8 4200000 4300000	577
Chr8 4300000 4400000	474
Chr8 4400000 4500000	519
Chr8 4500000 4600000	368
Chr8 4600000 4700000	498
Chr8 4700000 4800000	744
Chr8 4800000 4900000	305
Chr8 4900000 5000000	293
Chr8 5000000 5100000	327
Chr8 5100000 5200000	821
Chr8 5200000 5300000	1113
Chr8 5300000 5400000	297
Chr8 5400000 5500000	510
Chr8 5500000 5600000	776
Chr8 5600000 5700000	576
Chr8 5700000 5800000	850
Chr8 5800000 5900000	99
Chr8 5900000 6000000	888
Chr8 6000000 6100000	0
Chr8 6100000 6200000	1
Chr8 6200000 6300000	4
Chr8 6300000 6400000	0
Chr8 6400000 6500000	0
Chr8 6500000 6600000	9
Chr8 6600000 6700000	503
Chr8 6700000 6800000	411
Chr8 6800000 6900000	971
Chr8 6900000 7000000	407
Chr8 7000000 7100000	0
Chr8 7100000 7200000	0
Chr8 7200000 7300000	76
Chr8 7300000 7400000	93
Chr8 7400000 7500000	102
Chr8 7500000 7600000	0
Chr8 7600000 7700000	0
Chr8 7700000 7800000	107
Chr8 7800000 7900000	82
Chr8 7900000 8000000	123
Chr8 8000000 8100000	232
Chr8 8100000 8200000	162
Chr8 8200000 8300000	347
Chr8 8300000 8400000	973
Chr8 8400000 8500000	866
Chr8 8500000 8600000	234
Chr8 8600000 8700000	474
Chr8 8700000 8800000	909
Chr8 8800000 8900000	407
Chr8 8900000 9000000	234
Chr8 9000000 9100000	94
Chr8 9100000 9200000	915
Chr8 9200000 9300000	1463
Chr8 9300000 9400000	421
Chr8 9400000 9500000	788
Chr8 9500000 9600000	1660
Chr8 9600000 9700000	615
Chr8 9700000 9800000	1047
Chr8 9800000 9900000	412
Chr8 9900000 10000000	74
Chr8 10000000 10100000	392
Chr8 10100000 10200000	584
Chr8 10200000 10300000	213
Chr8 10300000 10400000	366
Chr8 10400000 10500000	386
Chr8 10500000 10600000	414
Chr8 10600000 10700000	256
Chr8 10700000 10800000	51
Chr8 10800000 10900000	147
Chr8 10900000 11000000	400
Chr8 11000000 11100000	319
Chr8 11100000 11200000	408
Chr8 11200000 11300000	327
Chr8 11300000 11400000	382
Chr8 11400000 11500000	173
Chr8 11500000 11600000	474
Chr8 11600000 11700000	351
Chr8 11700000 11800000	489
Chr8 11800000 11900000	272
Chr8 11900000 12000000	178
Chr8 12000000 12100000	382
Chr8 12100000 12200000	135
Chr8 12200000 12300000	485
Chr8 12300000 12400000	469
Chr8 12400000 12500000	537
Chr8 12500000 12600000	198
Chr8 12600000 12700000	135
Chr8 12700000 12800000	335
Chr8 12800000 12900000	43
Chr8 12900000 13000000	0
Chr8 13000000 13100000	8
Chr8 13100000 13200000	34
Chr8 13200000 13300000	45
Chr8 13300000 13400000	9
Chr8 13400000 13500000	81
Chr8 13500000 13600000	51
Chr8 13600000 13700000	38
Chr8 13700000 13800000	99
Chr8 13800000 13900000	30
Chr8 13900000 14000000	76
Chr8 14000000 14100000	86
Chr8 14100000 14200000	22
Chr8 14200000 14300000	16
Chr8 14300000 14400000	19
Chr8 14400000 14500000	128
Chr8 14500000 14600000	51
Chr8 14600000 14700000	5
Chr8 14700000 14800000	122
Chr8 14800000 14900000	93
Chr8 14900000 15000000	134
Chr8 15000000 15100000	120
Chr8 15100000 15200000	61
Chr8 15200000 15300000	0
Chr8 15300000 15400000	78
Chr8 15400000 15500000	260
Chr8 15500000 15600000	255
Chr8 15600000 15700000	73
Chr8 15700000 15800000	332
Chr8 15800000 15900000	241
Chr8 15900000 16000000	156
Chr8 16000000 16100000	0
Chr8 16100000 16200000	0
Chr8 16200000 16300000	0
Chr8 16300000 16400000	0
Chr8 16400000 16500000	0
Chr8 16500000 16600000	0
Chr8 16600000 16700000	2
Chr8 16700000 16800000	0
Chr8 16800000 16900000	0
Chr8 16900000 17000000	1
Chr8 17000000 17100000	0
Chr8 17100000 17200000	0
Chr8 17200000 17300000	0
Chr8 17300000 17400000	0
Chr8 17400000 17500000	0
Chr8 17500000 17600000	3
Chr8 17600000 17700000	0
Chr8 17700000 17800000	1
Chr8 17800000 17900000	3
Chr8 17900000 18000000	0
Chr8 18000000 18100000	6
Chr8 18100000 18200000	1
Chr8 18200000 18300000	1
Chr8 18300000 18400000	3
Chr8 18400000 18500000	3
Chr8 18500000 18600000	1
Chr8 18600000 18700000	4
Chr8 18700000 18800000	29
Chr8 18800000 18900000	194
Chr8 18900000 19000000	341
Chr8 19000000 19100000	56
Chr8 19100000 19200000	2
Chr8 19200000 19300000	4
Chr8 19300000 19400000	0
Chr8 19400000 19500000	4
Chr8 19500000 19600000	3
Chr8 19600000 19700000	2
Chr8 19700000 19800000	2
Chr8 19800000 19900000	306
Chr8 19900000 20000000	325
Chr8 20000000 20100000	546
Chr8 20100000 20200000	173
Chr8 20200000 20300000	547
Chr8 20300000 20400000	420
Chr8 20400000 20500000	590
Chr8 20500000 20600000	1088
Chr8 20600000 20700000	120
Chr8 20700000 20800000	6
Chr8 20800000 20900000	6
Chr8 20900000 21000000	0
Chr8 21000000 21100000	1
Chr8 21100000 21200000	0
Chr8 21200000 21300000	2
Chr8 21300000 21400000	0
Chr8 21400000 21500000	0
Chr8 21500000 21600000	1
Chr8 21600000 21700000	0
Chr8 21700000 21800000	1
Chr8 21800000 21900000	0
Chr8 21900000 22000000	1
Chr8 22000000 22100000	1
Chr8 22100000 22200000	0
Chr8 22200000 22300000	0
Chr8 22300000 22400000	0
Chr8 22400000 22500000	0
Chr8 22500000 22600000	0
Chr8 22600000 22700000	0
Chr8 22700000 22800000	0
Chr8 22800000 22900000	5
Chr8 22900000 23000000	4
Chr8 23000000 23100000	4
Chr8 23100000 23200000	9
Chr8 23200000 23300000	3
Chr8 23300000 23400000	9
Chr8 23400000 23500000	5
Chr8 23500000 23600000	3
Chr8 23600000 23700000	4
Chr8 23700000 23800000	8
Chr8 23800000 23900000	14
Chr8 23900000 24000000	14
Chr8 24000000 24100000	6
Chr8 24100000 24200000	9
Chr8 24200000 24300000	6
Chr8 24300000 24400000	12
Chr8 24400000 24500000	8
Chr8 24500000 24600000	6
Chr8 24600000 24700000	6
Chr8 24700000 24800000	5
Chr8 24800000 24900000	9
Chr8 24900000 25000000	4
Chr8 25000000 25100000	7
Chr8 25100000 25200000	9
Chr8 25200000 25300000	13
Chr8 25300000 25400000	8
Chr8 25400000 25500000	11
Chr8 25500000 25600000	7
Chr8 25600000 25700000	9
Chr8 25700000 25800000	10
Chr8 25800000 25900000	7
Chr8 25900000 26000000	4
Chr8 26000000 26100000	7
Chr8 26100000 26200000	4
Chr8 26200000 26300000	297
Chr8 26300000 26400000	759
Chr8 26400000 26500000	79
Chr8 26500000 26600000	503
Chr8 26600000 26700000	329
Chr8 26700000 26800000	840
Chr8 26800000 26900000	772
Chr8 26900000 27000000	249
Chr8 27000000 27100000	229
Chr8 27100000 27200000	6
Chr8 27200000 27300000	636
Chr8 27300000 27400000	309
Chr8 27400000 27500000	370
Chr8 27500000 27600000	120
Chr8 27600000 27700000	3
Chr8 27700000 27800000	9
Chr8 27800000 27900000	144
Chr8 27900000 28000000	346
Chr8 28000000 28100000	238
Chr8 28100000 28200000	239
Chr8 28200000 28300000	208
Chr8 28300000 28400000	11
Chr8 28400000 28500000	221
Chr8 28500000 28600000	360
Chr8 28600000 28700000	264
Chr8 28700000 28800000	1417
Chr8 28800000 28900000	296
Chr8 28900000 29000000	233
Chr8 29000000 29100000	395
Chr8 29100000 29200000	458
Chr8 29200000 29300000	253
Chr8 29300000 29400000	246
Chr8 29400000 29500000	140
Chr8 29500000 29600000	38
Chr8 29600000 29700000	30
Chr8 29700000 29800000	88
Chr8 29800000 29900000	11
Chr8 29900000 30000000	12
Chr8 30000000 30100000	3
Chr8 30100000 30200000	2
Chr9 1100000 1200000	1
Chr9 1200000 1300000	0
Chr9 1300000 1400000	1
Chr9 1400000 1500000	0
Chr9 1500000 1600000	0
Chr9 1600000 1700000	0
Chr9 1700000 1800000	0
Chr9 1800000 1900000	0
Chr9 1900000 2000000	1
Chr9 2000000 2100000	1
Chr9 2100000 2200000	0
Chr9 2200000 2300000	0
Chr9 2300000 2400000	0
Chr9 2400000 2500000	0
Chr9 2500000 2600000	0
Chr9 2600000 2700000	2
Chr9 2700000 2800000	0
Chr9 2800000 2900000	0
Chr9 2900000 3000000	0
Chr9 3000000 3100000	0
Chr9 3100000 3200000	0
Chr9 3200000 3300000	1
Chr9 3300000 3400000	0
Chr9 3400000 3500000	0
Chr9 3500000 3600000	0
Chr9 3600000 3700000	0
Chr9 3700000 3800000	0
Chr9 3800000 3900000	0
Chr9 3900000 4000000	0
Chr9 4000000 4100000	0
Chr9 4100000 4200000	0
Chr9 4200000 4300000	0
Chr9 4300000 4400000	1
Chr9 4400000 4500000	0
Chr9 4500000 4600000	1
Chr9 4600000 4700000	0
Chr9 4700000 4800000	0
Chr9 4800000 4900000	0
Chr9 4900000 5000000	0
Chr9 5000000 5100000	199
Chr9 5100000 5200000	640
Chr9 5200000 5300000	1146
Chr9 5300000 5400000	690
Chr9 5400000 5500000	208
Chr9 5500000 5600000	842
Chr9 5600000 5700000	926
Chr9 5700000 5800000	441
Chr9 5800000 5900000	434
Chr9 5900000 6000000	678
Chr9 6000000 6100000	294
Chr9 6100000 6200000	476
Chr9 6200000 6300000	417
Chr9 6300000 6400000	204
Chr9 6400000 6500000	497
Chr9 6500000 6600000	391
Chr9 6600000 6700000	476
Chr9 6700000 6800000	505
Chr9 6800000 6900000	319
Chr9 6900000 7000000	381
Chr9 7000000 7100000	450
Chr9 7100000 7200000	541
Chr9 7200000 7300000	380
Chr9 7300000 7400000	501
Chr9 7400000 7500000	233
Chr9 7500000 7600000	383
Chr9 7600000 7700000	1010
Chr9 7700000 7800000	222
Chr9 7800000 7900000	321
Chr9 7900000 8000000	435
Chr9 8000000 8100000	381
Chr9 8100000 8200000	17
Chr9 8200000 8300000	0
Chr9 8300000 8400000	0
Chr9 8400000 8500000	421
Chr9 8500000 8600000	346
Chr9 8600000 8700000	667
Chr9 8700000 8800000	226
Chr9 8800000 8900000	247
Chr9 8900000 9000000	62
Chr9 9000000 9100000	2
Chr9 9100000 9200000	2
Chr9 9200000 9300000	8
Chr9 9300000 9400000	402
Chr9 9400000 9500000	458
Chr9 9500000 9600000	743
Chr9 9600000 9700000	775
Chr9 9700000 9800000	413
Chr9 9800000 9900000	1128
Chr9 9900000 10000000	218
Chr9 10000000 10100000	334
Chr9 10100000 10200000	420
Chr9 10200000 10300000	943
Chr9 10300000 10400000	630
Chr9 10400000 10500000	403
Chr9 10500000 10600000	366
Chr9 10600000 10700000	217
Chr9 10700000 10800000	828
Chr9 10800000 10900000	1073
Chr9 10900000 11000000	889
Chr9 11000000 11100000	1644
Chr9 11100000 11200000	249
Chr9 11200000 11300000	445
Chr9 11300000 11400000	324
Chr9 11400000 11500000	479
Chr9 11500000 11600000	520
Chr9 11600000 11700000	191
Chr9 11700000 11800000	479
Chr9 11800000 11900000	758
Chr9 11900000 12000000	912
Chr9 12000000 12100000	312
Chr9 12100000 12200000	84
Chr9 12200000 12300000	4
Chr9 12300000 12400000	3
Chr9 12400000 12500000	3
Chr9 12500000 12600000	3
Chr9 12600000 12700000	6
Chr9 12700000 12800000	3
Chr9 12800000 12900000	1
Chr9 12900000 13000000	1
Chr9 13000000 13100000	4
Chr9 13100000 13200000	6
Chr9 13200000 13300000	6
Chr9 13300000 13400000	7
Chr9 13400000 13500000	4
Chr9 13500000 13600000	5
Chr9 13600000 13700000	5
Chr9 13700000 13800000	238
Chr9 13800000 13900000	5
Chr9 13900000 14000000	3
Chr9 14000000 14100000	6
Chr9 14100000 14200000	524
Chr9 14200000 14300000	267
Chr9 14300000 14400000	303
Chr9 14400000 14500000	144
Chr9 14500000 14600000	122
Chr9 14600000 14700000	221
Chr9 14700000 14800000	295
Chr9 14800000 14900000	163
Chr9 14900000 15000000	215
Chr9 15000000 15100000	6
Chr9 15100000 15200000	0
Chr9 15200000 15300000	0
Chr9 15300000 15400000	0
Chr9 15400000 15500000	1
Chr9 15500000 15600000	0
Chr9 15600000 15700000	0
Chr9 15700000 15800000	0
Chr9 15800000 15900000	1
Chr9 15900000 16000000	0
Chr9 16000000 16100000	0
Chr9 16100000 16200000	0
Chr9 16200000 16300000	0
Chr9 16300000 16400000	0
Chr9 16400000 16500000	0
Chr9 16500000 16600000	0
Chr9 16600000 16700000	0
Chr9 16700000 16800000	0
Chr9 16800000 16900000	0
Chr9 16900000 17000000	218
Chr9 17000000 17100000	288
Chr9 17100000 17200000	270
Chr9 17200000 17300000	167
Chr9 17300000 17400000	584
Chr9 17400000 17500000	557
Chr9 17500000 17600000	680
Chr9 17600000 17700000	527
Chr9 17700000 17800000	543
Chr9 17800000 17900000	664
Chr9 17900000 18000000	525
Chr9 18000000 18100000	113
Chr9 18100000 18200000	512
Chr9 18200000 18300000	570
Chr9 18300000 18400000	484
Chr9 18400000 18500000	438
Chr9 18500000 18600000	465
Chr9 18600000 18700000	728
Chr9 18700000 18800000	665
Chr9 18800000 18900000	527
Chr9 18900000 19000000	490
Chr9 19000000 19100000	538
Chr9 19100000 19200000	454
Chr9 19200000 19300000	549
Chr9 19300000 19400000	520
Chr9 19400000 19500000	494
Chr9 19500000 19600000	413
Chr9 19600000 19700000	0
Chr9 19700000 19800000	0
Chr9 19800000 19900000	275
Chr9 19900000 20000000	469
Chr9 20000000 20100000	545
Chr9 20100000 20200000	667
Chr9 20200000 20300000	691
Chr9 20300000 20400000	751
Chr9 20400000 20500000	483
Chr9 20500000 20600000	676
Chr9 20600000 20700000	635
Chr9 20700000 20800000	674
Chr9 20800000 20900000	372
Chr9 20900000 21000000	562
Chr9 21000000 21100000	346
Chr9 21100000 21200000	488
Chr9 21200000 21300000	675
Chr9 21300000 21400000	346
Chr9 21400000 21500000	8
Chr9 21500000 21600000	259
Chr9 21600000 21700000	41
Chr9 21700000 21800000	149
Chr9 21800000 21900000	626
Chr9 21900000 22000000	340
Chr9 22000000 22100000	302
Chr9 22100000 22200000	777
Chr9 22200000 22300000	916
Chr9 22300000 22400000	1124
Chr9 22400000 22500000	874
Chr9 22500000 22600000	535
Chr9 22600000 22700000	85
Chr9 22700000 22800000	12
Chr9 22800000 22900000	6
Chr9 22900000 23000000	4
