4
17
153
145
277
160
526
144
28
43
153
132
10
13
3
15
3
5
0
15
5
2
3
5
11
9
3
4
3
0
1
3
0
1
1
4
1
1
1
3
1
1
2
1
2
1
3
3
3
0
3
5
2
1
2
5
186
45
60
4
7
4
7
5
9
7
47
144
48
5
44
261
6
7
1
9
75
95
112
98
99
131
117
282
167
207
321
143
261
84
13
15
19
12
72
7
5
7
12
11
7
5
5
2
5
7
6
93
37
32
2
1
1
0
2
0
1
1
4
124
90
74
56
0
2
0
1
4
8
3
3
3
0
2
5
4
3
1
0
0
2
2
4
43
13
12
9
6
33
10
4
20
3
1
1
0
7
7
2
8
3
5
2
3
2
3
2
0
0
1
0
0
0
2
2
1
3
4
3
1
7
4
5
7
2
2
4
1
1
0
75
112
68
199
67
71
79
97
61
0
0
8
20
200
250
193
152
98
112
152
121
7
83
0
5
3
3
1
0
2
4
1
4
3
3
2
0
0
2
0
0
4
2
2
2
1
4
0
4
2
1
1
0
3
2
0
1
5
3
1
3
2
1
1
2
48
68
9
1
6
5
5
3
5
2
1
4
9
4
5
4
53
84
193
120
152
130
77
80
138
0
3
2
4
2
4
3
2
3
0
4
0
1
1
5
3
0
52
151
173
208
145
130
99
5
193
71
155
84
67
119
109
143
354
226
65
128
75
112
148
115
105
149
92
82
63
50
108
120
136
104
138
106
104
89
133
83
154
260
121
101
215
84
133
99
102
63
99
112
76
84
20
9
8
13
28
13
9
4
16
21
60
82
69
28
11
5
11
13
40
73
73
40
59
48
38
24
15
9
6
11
10
35
75
49
24
40
62
82
54
18
45
27
52
15
43
28
57
34
3
24
12
12
10
95
40
16
34
15
53
61
82
123
123
53
34
135
98
9
10
14
11
76
16
66
84
91
123
5
51
88
94
106
71
134
129
311
160
1
2
2
0
2
0
0
0
1
1
0
0
1
0
3
4
3
2
1
0
0
0
0
1
1
0
3
0
1
0
0
0
0
2
0
1
0
0
1
6
20
26
71
115
181
105
25
21
3
23
47
26
38
73
57
33
123
118
103
169
54
50
1
4
47
157
27
14
1
0
0
0
2
1
1
5
2
0
4
1
0
1
0
0
1
3
1
1
0
2
0
2
5
1
4
6
1
3
4
2
3
0
0
2
1
0
1
0
2
1
2
9
4
2
9
3
3
2
42
27
66
39
84
82
32
14
41
20
115
80
39
143
148
174
216
150
101
77
77
42
9
7
0
69
79
194
58
118
116
103
60
67
101
115
148
134
242
186
364
73
123
122
122
175
100
183
117
167
147
74
63
37
76
92
135
376
419
165
106
201
119
252
218
339
37
4
6
5
10
3
8
9
5
4
1
8
8
8
27
92
35
88
77
15
39
19
30
38
63
17
11
2
131
82
96
154
87
85
84
56
93
75
8
3
9
3
1
6
5
6
7
6
4
7
1
0
3
11
3
7
7
94
132
88
42
53
34
36
8
27
4
45
30
4
15
51
33
13
30
23
25
24
25
4
2
0
0
56
68
48
64
75
36
129
102
162
224
264
62
105
36
14
128
84
129
128
76
95
192
90
6
1
4
6
6
1
5
57
246
88
47
266
295
249
183
24
36
150
95
140
184
101
261
256
28
124
142
103
246
27
26
0
0
0
1
5
4
154
117
134
175
260
77
116
159
131
64
17
3
61
76
37
41
37
142
61
91
65
66
12
17
78
79
85
98
127
9
35
65
29
27
0
12
1
5
2
2
2
6
55
35
61
50
38
82
55
44
37
16
21
12
10
34
21
23
23
26
17
0
0
17
3
4
29
1
0
0
20
14
9
8
26
16
20
11
31
13
1
23
4
42
26
27
34
66
97
228
102
15
42
17
0
0
19
38
25
32
63
72
38
6
6
0
48
37
87
146
32
68
54
191
64
22
35
70
44
30
42
110
41
97
70
93
111
143
171
342
174
90
38
68
119
128
149
88
25
71
2
6
2
170
202
91
97
80
132
5
4
1
80
43
10
28
132
18
78
90
68
5
1
2
2
4
1
2
0
1
1
0
0
1
0
5
0
1
6
3
2
3
4
3
2
0
0
1
2
5
6
9
5
1
2
0
2
0
0
4
2
1
3
6
4
2
44
96
47
68
45
0
12
59
74
41
193
9
0
2
0
4
1
2
0
0
3
0
0
0
0
0
0
20
0
2
2
4
2
10
4
11
0
6
7
3
6
0
5
7
7
7
11
1
10
26
64
89
65
16
70
45
32
2
4
10
8
6
1
48
4
3
24
6
5
3
4
2
3
3
7
12
8
4
7
3
3
11
6
5
2
2
3
1
4
3
16
3
6
2
0
3
6
3
6
0
0
6
16
28
2
12
5
19
3
11
8
5
3
4
2
2
2
4
75
63
91
102
145
55
146
257
361
188
93
50
99
61
64
167
180
135
53
81
80
47
60
67
22
0
17
62
64
75
31
141
83
147
31
126
321
205
36
74
71
87
117
37
0
43
25
8
40
4
129
124
172
169
26
1
50
15
17
25
60
9
42
145
23
41
1
68
132
97
42
46
94
48
24
44
9
13
82
46
25
40
37
49
172
77
20
0
0
0
0
0
62
54
11
69
71
8
4
7
106
93
78
100
222
102
284
23
293
282
158
152
152
82
3
113
155
55
288
85
100
41
21
77
116
195
293
318
193
141
169
160
117
223
140
144
37
3
5
9
7
11
9
29
13
19
32
58
68
48
303
126
41
438
28
127
87
5
43
140
170
5
51
278
218
86
127
99
259
159
87
234
68
97
93
104
99
8
9
6
8
77
4
12
6
39
52
283
239
167
11
1
66
196
66
122
180
30
10
6
13
1
1
0
0
1
134
25
2
1
0
58
77
58
101
9
14
15
6
30
134
4
5
2
2
0
6
0
12
0
1
10
65
59
5
1
4
5
4
4
13
131
8
5
84
48
76
33
27
48
107
49
5
18
77
30
64
116
98
13
45
53
61
17
39
44
35
174
33
214
127
80
9
56
5
0
1
3
0
2
2
0
2
5
4
0
0
1
1
1
2
1
0
1
1
2
1
2
3
2
2
0
0
0
1
0
0
1
0
1
0
0
0
2
0
1
2
1
0
0
0
1
3
1
1
1
1
1
2
2
1
1
0
1
3
1
0
1
1
0
1
1
2
1
1
0
3
4
0
8
0
0
0
1
1
2
7
1
10
4
1
7
1
1
2
3
0
0
1
1
3
4
3
2
5
2
6
2
4
2
2
8
3
2
2
3
11
14
4
12
7
3
4
2
9
2
3
0
2
3
19
7
8
8
4
5
4
7
14
11
16
1
12
1
10
156
153
459
43
13
42
42
2
16
51
66
88
314
172
61
75
95
80
43
70
24
64
70
102
26
87
131
183
339
43
20
7
6
108
135
90
150
90
99
83
112
97
95
137
63
3
1
1
0
0
0
2
95
94
83
125
109
151
74
111
137
58
130
70
118
98
97
73
64
55
97
100
128
71
7
19
3
14
12
12
13
6
9
9
10
10
8
20
7
12
9
15
13
15
36
22
27
29
34
19
57
50
123
119
117
121
145
107
85
136
55
97
94
106
138
131
96
95
103
112
153
22
3
4
0
7
2
0
1
6
4
2
5
2
6
10
5
5
4
4
9
1
3
6
2
1
12
110
144
77
132
130
137
111
104
133
45
88
62
95
89
97
64
42
89
65
96
5
11
13
6
13
8
22
1
3
3
5
7
2
4
0
3
1
9
5
10
10
119
101
10
3
1
7
7
7
4
3
3
0
2
4
4
3
5
4
178
65
1
4
8
3
4
5
119
136
171
109
124
181
97
156
157
133
125
149
122
103
29
1
3
0
2
1
3
4
2
0
2
7
0
0
1
1
2
18
3
1
0
2
3
0
0
9
0
0
1
3
1
0
0
8
5
4
4
3
1
2
3
1
1
3
4
3
3
0
3
4
2
3
3
1
3
0
8
3
4
2
2
2
2
3
3
0
2
3
12
134
161
219
133
49
33
3
0
0
0
2
1
26
42
25
47
8
5
35
25
27
2
4
4
10
8
14
6
0
3
1
7
3
0
2
1
6
10
5
5
11
4
5
11
5
7
0
2
3
3
1
2
3
1
6
20
4
9
6
3
0
11
5
4
8
3
2
1
2
2
0
0
4
2
0
0
0
0
3
5
24
7
0
0
1
1
0
4
0
4
5
4
1
3
1
0
3
7
2
2
6
1
4
4
5
3
0
3
5
0
3
1
1
2
2
13
1
2
2
7
6
8
2
1
0
10
10
9
8
3
13
26
7
6
4
13
23
4
11
9
9
12
9
15
10
1
21
13
4
14
7
6
1
5
4
9
12
9
6
4
1
3
14
10
2
7
3
26
7
13
6
4
27
85
108
166
111
12
15
11
7
8
11
10
3
2
5
17
11
5
6
0
62
4
5
19
16
23
13
119
35
133
80
96
200
102
175
146
150
163
147
74
34
4
2
5
2
0
9
7
70
90
20
5
95
101
12
6
4
7
2
15
3
109
51
5
8
17
5
3
6
12
283
7
59
224
292
40
35
128
206
185
144
82
5
3
5
2
14
7
64
93
24
51
8
8
51
71
84
50
20
1
5
0
3
9
2
18
13
6
1
0
2
0
0
3
2
3
3
2
0
24
5
3
0
1
2
4
0
7
8
10
2
11
11
2
5
8
3
1
2
4
4
3
11
5
2
6
0
3
1
1
0
0
8
2
1
2
2
3
2
13
1
0
2
0
10
12
5
7
0
0
1
2
0
0
3
0
1
0
1
2
1
3
2
3
3
1
1
1
2
0
0
0
0
0
0
0
0
0
0
3
0
0
0
4
3
1
1
6
7
5
1
4
2
3
8
1
7
0
3
3
0
4
3
6
4
13
2
0
10
1
7
1
4
3
3
2
2
2
0
9
0
1
1
3
0
1
0
0
6
3
6
0
7
4
5
8
6
6
10
13
12
10
12
3
2
10
1
0
90
78
187
91
213
56
26
139
166
263
177
362
648
266
100
84
140
5
23
164
170
113
234
198
68
244
136
105
137
85
136
121
163
164
223
212
250
94
226
222
87
185
215
20
0
23
142
40
1
7
14
10
58
67
25
19
25
11
15
12
32
126
133
139
149
22
124
268
31
154
6
2
1
3
4
0
0
3
2
1
0
4
27
21
5
4
7
20
6
3
7
10
11
8
10
12
7
7
2
11
29
91
130
105
15
2
5
13
0
4
4
6
8
6
7
8
1
13
5
2
0
16
28
23
11
12
43
30
41
88
61
69
140
100
109
294
191
91
55
53
168
169
108
310
261
92
172
65
137
102
129
62
199
63
110
48
7
125
102
90
83
121
141
280
155
16
6
6
104
52
52
47
11
184
159
119
102
115
89
186
156
96
7
7
4
4
81
108
129
167
78
168
131
147
123
116
34
56
4
2
70
97
9
9
3
184
538
459
133
328
42
38
2
2
3
29
94
62
147
31
4
5
3
83
41
33
179
173
7
0
1
0
1
9
8
1
3
0
1
1
1
1
1
0
2
0
4
1
1
1
1
1
0
4
1
2
2
0
3
1
2
3
1
1
1
2
1
1
0
0
0
0
1
2
0
0
0
2
0
0
0
1
0
0
0
0
1
0
0
0
0
0
0
1
0
1
3
1
0
0
0
0
0
2
0
0
1
0
0
0
0
0
1
1
1
1
0
1
1
0
1
5
1
2
0
0
2
0
0
0
0
0
1
0
0
0
1
3
1
0
0
0
0
0
0
1
0
0
12
28
85
92
64
53
79
31
46
39
139
136
117
25
89
69
57
5
3
1
9
4
9
113
160
44
58
112
190
157
152
136
117
140
118
139
155
119
236
55
33
143
88
99
54
51
83
107
58
153
191
147
132
162
125
133
62
85
3
27
126
134
156
59
97
121
174
134
109
137
91
147
147
81
131
90
101
16
15
13
9
134
50
86
111
133
65
190
120
11
5
5
11
9
2
253
108
78
97
118
165
182
151
120
76
40
159
218
204
87
80
112
101
133
153
65
138
139
106
39
46
27
13
77
146
60
31
12
17
62
90
64
93
19
44
87
140
34
5
2
17
98
15
2
103
160
130
125
11
92
75
4
9
9
2
0
7
9
10
15
10
14
7
19
11
11
32
159
95
185
202
125
5
2
1
2
1
16
2
28
5
14
45
61
100
89
107
199
151
70
37
11
31
14
10
10
14
41
248
57
98
134
293
252
78
76
34
0
81
195
27
14
8
6
10
162
139
319
257
319
19
13
15
258
329
144
88
72
78
64
269
146
124
137
187
187
124
46
27
25
120
91
110
117
96
180
106
94
51
155
101
101
51
115
81
103
336
30
1
1
0
7
8
1
6
8
3
1
5
1
1
10
2
2
6
1
0
11
4
3
2
6
5
2
0
2
0
1
9
0
3
2
1
5
3
1
3
6
0
0
0
3
4
1
1
0
0
0
1
2
0
0
1
0
1
0
0
0
1
0
3
1
2
0
2
1
0
1
0
1
3
0
0
0
2
0
3
1
0
0
1
0
1
0
0
6
2
2
1
4
1
1
4
2
2
1
0
0
0
0
2
2
5
1
0
3
1
0
1
0
2
0
4
1
0
1
0
1
3
0
2
0
1
2
2
5
2
0
1
1
1
4
0
4
2
2
2
1
1
4
3
2
3
2
2
0
0
1
1
1
0
2
3
0
2
0
4
0
0
0
3
1
0
4
1
3
1
0
0
3
1
4
0
0
3
0
1
1
3
0
1
0
3
1
0
0
2
0
1
6
24
18
5
11
5
37
14
74
9
9
6
3
121
167
113
110
117
143
153
174
174
119
69
134
170
135
96
232
305
263
108
131
81
143
62
4
10
6
3
5
3
4
2
3
0
35
121
8
8
6
9
6
5
11
4
7
8
7
4
7
1
0
24
2
8
7
4
85
139
231
125
170
5
140
68
97
24
4
6
8
5
199
47
28
2
0
4
8
9
24
13
48
37
103
2
7
5
8
4
60
71
48
63
27
51
52
2
3
1
0
1
3
3
4
3
3
3
0
2
1
4
0
0
4
2
1
2
1
1
2
0
4
2
1
0
5
0
0
1
0
0
2
4
5
2
4
4
3
4
5
70
37
46
6
0
39
47
44
76
30
0
24
176
147
120
45
38
95
19
6
8
4
14
10
45
0
5
3
5
1
5
74
107
121
112
69
303
84
130
66
11
151
120
77
150
387
137
141
192
19
76
77
92
106
97
115
183
125
59
94
158
110
5
76
103
23
4
1
4
124
180
10
0
3
1
2
3
3
0
2
1
63
135
52
5
66
241
69
124
82
128
134
148
74
108
100
66
256
86
162
93
193
113
112
125
75
96
113
109
86
100
68
92
236
191
153
42
145
54
87
122
158
148
66
2
2
5
9
2
3
148
193
100
83
108
406
204
40
61
139
0
7
75
173
317
113
101
337
3
0
12
1
1
3
0
1
4
7
23
0
7
27
4
11
2
1
93
106
108
120
9
57
46
69
23
33
5
21
50
48
35
119
92
35
23
19
42
55
49
20
74
1
29
43
139
308
35
37
10
91
198
294
180
100
42
113
111
121
80
114
207
85
72
94
222
319
98
128
186
148
196
38
235
3
0
2
1
0
5
125
88
218
71
0
0
15
13
19
0
0
26
15
32
77
34
44
161
244
44
121
192
107
60
43
265
368
84
188
433
136
253
74
12
68
162
38
88
72
66
61
15
21
73
79
80
65
55
31
90
71
83
39
36
73
20
85
101
95
49
25
61
11
0
1
8
8
1
20
3
5
10
5
16
9
4
4
4
26
6
1
47
23
21
24
9
0
21
69
50
14
58
54
23
1
1
1
1
0
2
1
3
2
0
1
0
1
0
4
3
2
2
2
3
4
1
0
3
6
0
3
9
45
58
12
0
1
4
10
7
2
3
73
111
108
48
97
79
164
248
14
1
5
0
2
1
3
4
0
1
5
2
8
2
3
0
2
4
0
3
3
3
7
7
9
5
3
5
5
1
5
4
7
13
5
5
6
13
3
3
5
4
1
2
9
6
12
4
12
3
10
8
10
4
12
5
72
181
29
156
108
181
135
50
43
10
150
67
74
33
10
5
50
72
62
77
59
15
74
119
65
364
86
51
128
100
86
56
40
15
18
38
5
14
6
2
2
0
1
1
0
2
1
0
1
1
2
0
0
0
0
1
0
2
0
1
0
0
0
2
0
1
0
0
0
0
0
0
0
2
0
0
1
0
3
2
1
0
1
2
1
1
0
2
39
93
282
135
55
149
205
111
88
132
53
80
109
51
82
64
57
63
65
78
94
130
90
66
42
62
265
63
142
104
111
3
0
0
99
113
147
49
48
13
1
1
3
94
140
154
133
73
256
38
69
65
135
155
113
83
38
144
174
185
318
43
111
106
108
105
32
125
200
226
86
29
4
3
1
1
0
6
6
1
0
4
3
8
2
4
0
56
2
4
8
151
72
87
36
39
48
87
54
54
2
1
2
2
2
2
3
2
1
2
7
1
2
1
2
1
1
3
1
83
67
78
40
139
107
148
98
154
135
126
34
124
102
120
112
108
159
156
119
153
124
135
151
141
128
98
0
0
70
147
156
175
183
168
131
175
125
209
102
130
68
133
183
97
4
68
25
47
133
114
87
228
219
300
217
167
36
7
3
6
